01.11.2007 18:53
45 Messungen
5 Wiederholungen






Amplitude Frequenz Q-Faktor Strom Temperatur

6.53334 14774.2 2716.82 0 33.45
6.53837 15209.1 2792.19 0 33.45
6.53964 14773.9 2708.91 0 33.45
6.53341 14774.2 2705.58 0 33.45
6.53332 14774.5 2726.29 0 33.15
6.53314 14775.7 2713.36 0.035 33.15
6.5333 14775.5 2717.46 0.035 32.85
6.53535 14775.8 2723.02 0.035 33.15
6.53652 14775 2714.29 0.035 33.15
6.5379 14774.2 2721.76 0.035 33.15
6.53835 14777.4 2712.58 0.07 33.15
6.5383 14777.3 2728.21 0.07 33.15
6.5392 14777.3 2711.67 0.07 33.15
6.55206 14777.2 2718.31 0.07 33.15
6.5418 14777.3 2730.53 0.07 33.15
6.54105 14782.6 2719.26 0.105 33.15
6.54106 14782.6 2727.62 0.105 33.15
6.54287 14782.4 2716.87 0.105 33.15
6.54321 14782.3 2714.86 0.105 33.15
6.54319 14782.1 2727.9 0.105 33.15
6.54284 14790.2 2723.96 0.14 33.15
6.54257 14791.1 2723.17 0.14 32.85
6.54288 14791.4 2721 0.14 33.15
6.54348 14791.2 2726.44 0.14 33.15
6.54484 14791 2725.81 0.14 33.15
6.54032 14802 2730.42 0.175 32.85
6.54604 14801.8 2731.09 0.175 32.85
6.54876 14802.1 2725.51 0.175 33.15
6.54624 14801.6 2725.68 0.175 33.15
6.54936 14801.6 2735.42 0.175 33.15
6.55016 14808.7 2728.29 0.195 32.85
6.54736 14808.9 2730.36 0.195 33.15
6.54648 14808.5 2727.8 0.195 33.15
6.54648 14808.8 2730.66 0.195 32.85
6.54624 14809.3 2732.23 0.195 32.85
6.54011 14817.4 2731.74 0.215 32.85
6.54099 14817.2 2734.49 0.215 32.85
6.54042 14817.7 2734.77 0.215 32.85
6.54193 14818.3 2734.04 0.215 32.55
6.54315 14818.8 2734.25 0.215 32.55
6.52893 14829.7 2725.41 0.235 32.25
6.52944 14829.5 2727.45 0.235 32.55
6.5302 14829.1 2730.91 0.235 32.55
6.52981 14829.3 2730.57 0.235 32.55
6.53076 14829.4 2726.72 0.235 32.55
6.51764 14913.1 2762.77 0.255 32.55
6.51899 14914 2759.84 0.255 32.55
6.51977 14913.6 2760.86 0.255 32.55
6.52005 14913.7 2763.47 0.255 32.55
6.52052 14913.5 2765.44 0.255 32.55
6.48486 15005.6 2802.9 0.275 32.25
6.48525 15006.1 2789.44 0.275 32.55
6.48477 15006.2 2791.97 0.275 32.25
6.48642 15006.2 2782.43 0.275 32.55
6.48548 15006.5 2798.03 0.275 32.25
6.4448 15098 2811.61 0.295 32.25
6.44419 15098.7 2811.73 0.295 32.25
6.44501 15098.1 2805.09 0.295 32.25
6.44526 15098.4 2808.31 0.295 32.25
6.44561 15098.6 2810.1 0.295 32.25
6.40865 15190.1 2834.19 0.315 32.25
6.40952 15190.3 2839.85 0.315 32.25
6.41124 15190.1 2831.51 0.315 32.55
6.4118 15190.3 2842.05 0.315 32.25
6.41244 15190.5 2833.67 0.315 32.25
6.36871 15283.3 2854.56 0.335 32.55
6.36905 15283.7 2856.06 0.335 32.55
6.37019 15283.8 2857.05 0.335 32.55
6.37015 15283.3 2858.58 0.335 32.25
6.37048 15283.2 2857.96 0.335 32.55
6.32687 15376 2878.71 0.355 32.55
6.32588 15376.5 2880.51 0.355 32.25
6.32596 15376.9 2880.29 0.355 32.25
6.3262 15376.1 2880.52 0.355 32.25
6.32612 15376.4 2882.65 0.355 32.55
6.27912 15469.8 2899.53 0.375 32.55
6.27852 15470.5 2903.77 0.375 32.55
6.2795 15470.4 2900.82 0.375 32.55
6.27988 15470.2 2900.71 0.375 32.55
6.27971 15470.4 2901.91 0.375 32.25
6.22985 15563.7 2919.74 0.395 32.25
6.22971 15564.6 2922.5 0.395 32.25
6.23056 15564.9 2923.5 0.395 32.25
6.2312 15564.3 2927.02 0.395 32.25
6.23132 15564.3 2917.93 0.395 32.25
6.17645 15657.2 2930.43 0.415 32.25
6.17678 15657.6 2935.45 0.415 32.25
6.17847 15657.4 2936.65 0.415 32.25
6.17891 15657.4 2934.68 0.415 32.25
6.1795 15657.4 2940.29 0.415 32.25
6.10637 15751.1 2940.5 0.435 32.25
6.10688 15751.8 2941.48 0.435 32.25
6.10696 15752 2941.86 0.435 32.25
6.10653 15752.4 2935.38 0.435 31.95
6.1082 15751.7 2938.92 0.435 32.25
6.07244 15844.5 2977.97 0.455 32.25
6.07336 15845.1 2973.16 0.455 31.95
6.07452 15844.9 2951.46 0.455 32.25
6.07423 15844.9 2960.73 0.455 32.25
6.07574 15844.8 2977.91 0.455 32.25
6.04332 15937.7 3010.86 0.475 32.25
6.04251 15938 3007.79 0.475 32.25
6.04456 15938.5 2993.34 0.475 32.25
6.04454 15938.1 3012.84 0.475 32.25
6.04458 15937.8 2990.83 0.475 32.55
6.00077 16028.9 3016.8 0.495 32.55
6.00262 16029.7 3029.2 0.495 32.25
6.00136 16029.5 3016.5 0.495 32.25
6.00046 16029.9 3030.81 0.495 32.25
6.00205 16030 3037.2 0.495 32.25
5.95582 16119.8 3050.41 0.515 32.25
5.95713 16119.9 3044.76 0.515 32.25
5.95589 16119.4 3049.63 0.515 32.25
5.95736 16119.6 3044.09 0.515 32.55
5.95809 16119.2 3048.3 0.515 32.25
5.91077 16209.5 3065.71 0.535 32.55
5.91049 16209.8 3070.22 0.535 32.25
5.91067 16209.5 3065.54 0.535 32.55
5.91021 16209.3 3067.92 0.535 32.55
5.9094 16209.4 3061.8 0.535 32.55
5.86088 16298.4 3085.67 0.555 32.55
5.86033 16299.1 3086.78 0.555 32.55
5.86041 16299.8 3094.34 0.555 32.55
5.85964 16299.8 3089.37 0.555 32.55
5.85883 16299.9 3088.77 0.555 32.25
5.813 16386.1 3109.86 0.575 32.25
5.81143 16387 3103.63 0.575 32.25
5.8126 16387.3 3108.14 0.575 32.25
5.81298 16386.4 3105.12 0.575 31.95
5.81428 16386.3 3102.87 0.575 32.25
5.77108 16473 3126.73 0.595 32.25
5.77015 16473.5 3120 0.595 32.55
5.77076 16473.4 3126.15 0.595 32.55
5.77042 16472.9 3125.97 0.595 32.55
5.77059 16472.8 3118.82 0.595 32.55
5.72341 16559.2 3147.8 0.615 32.55
5.72238 16559.8 3143.5 0.615 32.55
5.72208 16559.8 3138.14 0.615 32.55
5.72169 16559.5 3149.7 0.615 32.55
5.72128 16559.6 3146.07 0.615 32.55
5.69034 16645.3 3158.95 0.635 32.55
5.68074 16645.3 3159.19 0.635 32.55
5.68028 16645.5 3154.24 0.635 32.85
5.6787 16645 3153.72 0.635 32.85
5.67792 16645.3 3154.05 0.635 32.55
5.63853 16729.8 3171.06 0.655 32.85
5.61966 16731.3 3167.96 0.655 32.55
5.6277 16731.1 3168.87 0.655 32.55
5.62747 16730.8 3169.35 0.655 32.85
5.62644 16730.4 3166.09 0.655 32.85
5.64169 16813.7 3187.66 0.675 32.55
5.60703 16814.2 3184.42 0.675 32.55
5.60576 16814.3 3182.46 0.675 32.85
5.60237 16815.1 3191.1 0.675 32.55
5.57768 16815.1 3195.89 0.675 32.55
5.54173 16897.5 3219.11 0.695 32.85
5.53516 16898.3 3209.7 0.695 32.85
5.53637 16897.7 3209.71 0.695 32.55
5.53606 16898.1 3212.16 0.695 32.85
5.53548 16898 3202.97 0.695 33.15
5.4907 16981.3 3228.04 0.715 32.85
5.48686 16982.1 3238.83 0.715 33.15
5.48524 16981.7 3232.19 0.715 33.15
5.48285 16981.6 3225.51 0.715 32.85
5.48279 16981.3 3228.71 0.715 33.15
5.43879 17063.1 3247.52 0.735 33.15
5.43926 17063.6 3254.43 0.735 33.15
5.43881 17064.1 3250.8 0.735 33.15
5.43797 17064 3244.55 0.735 33.15
5.4367 17063.8 3244.72 0.735 33.15
5.3906 17144.3 3274.08 0.755 33.15
5.38714 17144.9 3241.49 0.755 33.45
5.38644 17144.3 3242.1 0.755 33.15
5.38574 17144.6 3269.72 0.755 33.15
5.37887 17145 3253.1 0.755 33.45
5.37553 17225.2 3282.04 0.775 33.15
5.34455 17226.6 3288.06 0.775 33.15
5.34211 17226.3 3284.82 0.775 33.15
5.34333 17226.4 3278.7 0.775 33.15
5.34076 17226.1 3287.5 0.775 33.15
5.29386 17303.5 3297.91 0.795 33.45
5.29707 17304.4 3295.11 0.795 33.45
5.29692 17304.1 3281.63 0.795 33.45
5.29515 17304 3279.31 0.795 33.75
5.29362 17303.7 3316.11 0.795 33.75
5.26569 17381.3 3305.41 0.815 34.05
5.24477 17382 3310.67 0.815 33.75
5.23598 17382.2 3304.13 0.815 34.05
5.2347 17382.2 3301.55 0.815 34.05
5.23431 17381.8 3298.82 0.815 34.05
5.19415 17458.2 3318.56 0.835 34.05
5.18906 17459 3325.78 0.835 34.05
5.18202 17459.7 3316.88 0.835 33.75
5.17851 17460 3329.41 0.835 34.05
5.17469 17460.1 3324.68 0.835 34.05
5.13293 17533 3336 0.855 34.05
5.13018 17534.6 3341.84 0.855 33.75
5.12798 17535.2 3342.14 0.855 33.75
5.12608 17535.1 3337.08 0.855 33.75
5.12492 17535.2 3337.24 0.855 33.75
5.08096 17606 3345.35 0.875 33.75
5.07838 17606.1 3355.35 0.875 33.75
5.07567 17605.9 3351.1 0.875 33.75
5.07492 17605.6 3354.86 0.875 33.75
5.07322 17605 3347.27 0.875 34.05
5.0339 17676.8 3372.91 0.895 34.35
5.03041 17678.2 3370.5 0.895 34.35
5.02783 17677.9 3369.79 0.895 34.35
5.02666 17677.3 3368.76 0.895 34.35
5.02398 17677.2 3366.35 0.895 34.35
4.98683 17745.7 3375.03 0.915 34.65
4.98532 17746.5 3386.35 0.915 34.95
4.98304 17745.8 3381.88 0.915 34.65
4.98215 17746.1 3387.32 0.915 34.95
4.9814 17745.1 3380.51 0.915 35.25
4.94165 17812.3 3393.9 0.935 35.25
4.93836 17813.3 3394.65 0.935 35.55
4.93453 17813.9 3390.46 0.935 35.25
4.93124 17814.2 3395.01 0.935 35.25
4.92975 17813.6 3394.75 0.935 35.25
4.894 17872.9 3398.09 0.955 35.55
4.89208 17873.7 3402.5 0.955 35.55
4.88827 17874.7 3405.01 0.955 35.55
4.88775 17874.1 3402.62 0.955 35.55
4.88374 17873.5 3404.96 0.955 35.85
