01.12.2007 12:13
42 Messungen
22 Wiederholungen






Amplitude Frequenz Q-Faktor Strom Temperatur

5.684363	14571.520000	2676.159581	0.000000	24.750000
5.685096	14572.430000	2675.312131	0.000000	24.750000
5.684854	14573.010000	2677.640868	0.000000	24.750000
5.684326	14573.550000	2678.034266	0.000000	24.750000
5.684079	14573.900000	2677.439599	0.000000	24.750000
5.684086	14574.140000	2679.226273	0.000000	24.750000
5.683643	14574.400000	2679.960868	0.000000	25.050000
5.683190	14574.750000	2681.358598	0.000000	24.750000
5.683280	14574.820000	2677.217918	0.000000	24.750000
5.682446	14575.000000	2676.910198	0.000000	24.750000
5.681971	14575.010000	2677.520513	0.000000	24.750000
5.682086	14575.010000	2674.482403	0.000000	24.750000
5.681399	14575.060000	2672.658805	0.000000	24.750000
5.680759	14575.180000	2678.386941	0.000000	25.050000
5.680648	14575.260000	2680.460834	0.000000	24.750000
5.679863	14575.370000	2676.465861	0.000000	25.050000
5.679687	14575.320000	2676.630375	0.000000	25.050000
5.678970	14575.300000	2673.092747	0.000000	24.750000
5.679057	14575.300000	2681.312132	0.000000	25.050000
5.678927	14575.320000	2677.392891	0.000000	25.050000
5.678308	14575.220000	2679.337219	0.000000	25.050000
5.677818	14575.210000	2680.081059	0.000000	24.750000
5.677714	14575.670000	2679.655191	0.035000	25.050000
5.677270	14575.700000	2677.593688	0.035000	24.750000
5.677171	14575.710000	2678.924107	0.035000	25.050000
5.677203	14575.810000	2672.842475	0.035000	24.750000
5.677200	14575.680000	2674.759166	0.035000	25.050000
5.676947	14575.700000	2674.699716	0.035000	25.050000
5.676609	14575.790000	2678.776438	0.035000	25.050000
5.676897	14575.910000	2674.969764	0.035000	24.750000
5.675718	14575.900000	2674.322799	0.035000	25.050000
5.675808	14575.950000	2674.030897	0.035000	25.050000
5.675719	14575.970000	2678.527087	0.035000	25.050000
5.675788	14575.930000	2674.654616	0.035000	25.050000
5.675771	14575.840000	2674.870811	0.035000	25.050000
5.674490	14575.690000	2677.750378	0.035000	25.050000
5.675307	14575.690000	2673.083653	0.035000	25.050000
5.674090	14575.630000	2672.057447	0.035000	25.050000
5.674494	14575.560000	2678.653743	0.035000	25.050000
5.673612	14575.500000	2675.157442	0.035000	25.050000
5.674446	14575.470000	2671.717574	0.035000	25.050000
5.674152	14575.400000	2674.397441	0.035000	25.050000
5.673578	14575.400000	2676.474171	0.035000	25.050000
5.673391	14575.290000	2674.204669	0.035000	25.350000
5.672994	14576.350000	2674.736259	0.070000	25.050000
5.673360	14576.380000	2679.812366	0.070000	25.050000
5.672045	14576.330000	2677.129670	0.070000	25.050000
5.672903	14576.280000	2679.107591	0.070000	25.350000
5.672876	14576.390000	2676.892110	0.070000	25.050000
5.672008	14576.490000	2673.663227	0.070000	25.050000
5.671940	14576.370000	2676.356578	0.070000	25.050000
5.672699	14576.410000	2674.393264	0.070000	25.050000
5.672380	14576.430000	2678.287158	0.070000	25.050000
5.673350	14576.440000	2676.768647	0.070000	25.050000
5.672148	14576.400000	2675.882291	0.070000	25.050000
5.672725	14576.400000	2675.098072	0.070000	25.050000
5.672803	14576.270000	2674.082814	0.070000	25.050000
5.672403	14576.420000	2682.357660	0.070000	25.050000
5.672499	14576.180000	2675.300813	0.070000	25.050000
5.673605	14576.350000	2674.361858	0.070000	25.050000
5.673957	14576.250000	2673.967016	0.070000	25.050000
5.674456	14576.350000	2670.804718	0.070000	25.050000
5.674828	14576.340000	2673.226754	0.070000	25.050000
5.674062	14576.140000	2678.200636	0.070000	25.050000
5.673733	14575.970000	2674.799860	0.070000	25.050000
5.674064	14576.120000	2679.591758	0.070000	25.050000
5.674581	14578.690000	2675.587458	0.105000	25.050000
5.674106	14578.880000	2677.825644	0.105000	25.350000
5.673781	14579.000000	2683.166403	0.105000	25.050000
5.673561	14578.940000	2679.724516	0.105000	25.350000
5.673331	14578.900000	2678.430387	0.105000	25.050000
5.673394	14578.790000	2673.847978	0.105000	25.050000
5.672823	14578.710000	2678.442072	0.105000	25.050000
5.672991	14578.610000	2674.701168	0.105000	25.050000
5.674173	14578.590000	2680.029159	0.105000	25.050000
5.673877	14578.630000	2679.096724	0.105000	25.350000
5.672108	14578.580000	2678.807731	0.105000	25.050000
5.672184	14578.490000	2675.162646	0.105000	25.050000
5.672978	14578.520000	2678.132210	0.105000	25.350000
5.673466	14578.570000	2675.386130	0.105000	25.050000
5.673331	14578.620000	2674.952954	0.105000	25.050000
5.673086	14578.710000	2679.340585	0.105000	25.350000
5.673225	14578.670000	2678.427508	0.105000	25.050000
5.673235	14578.760000	2678.863409	0.105000	25.050000
5.672478	14578.690000	2681.311387	0.105000	25.350000
5.672956	14578.630000	2676.175418	0.105000	25.350000
5.673112	14578.550000	2676.539972	0.105000	25.050000
5.672494	14578.570000	2675.889062	0.105000	25.050000
5.672338	14583.120000	2679.459756	0.140000	25.050000
5.672224	14583.310000	2678.041101	0.140000	25.050000
5.672150	14583.260000	2680.513889	0.140000	25.350000
5.672490	14583.320000	2680.734061	0.140000	25.050000
5.673153	14583.360000	2675.790884	0.140000	25.350000
5.673360	14583.320000	2675.588773	0.140000	25.050000
5.672252	14583.280000	2679.430862	0.140000	25.350000
5.672382	14583.390000	2677.375767	0.140000	25.050000
5.672708	14583.460000	2679.284383	0.140000	25.050000
5.672361	14583.380000	2676.668057	0.140000	25.050000
5.673277	14583.580000	2675.184025	0.140000	25.350000
5.673442	14583.610000	2675.674952	0.140000	25.050000
5.672930	14583.580000	2681.560872	0.140000	25.050000
5.672766	14583.520000	2675.914657	0.140000	25.050000
5.673305	14583.660000	2678.972104	0.140000	25.350000
5.673308	14583.620000	2681.559011	0.140000	25.050000
5.673128	14583.590000	2681.286422	0.140000	25.050000
5.673755	14583.660000	2679.676398	0.140000	25.050000
5.673581	14583.720000	2683.317766	0.140000	25.050000
5.672962	14583.590000	2680.314619	0.140000	25.050000
5.672684	14583.440000	2682.582092	0.140000	25.050000
5.673112	14583.390000	2679.053450	0.140000	25.050000
5.672547	14591.440000	2679.240580	0.175000	25.050000
5.672055	14591.830000	2681.863272	0.175000	25.050000
5.672388	14591.900000	2681.422644	0.175000	25.050000
5.672718	14591.840000	2682.802830	0.175000	25.050000
5.673297	14591.730000	2685.065472	0.175000	25.350000
5.674165	14591.640000	2684.128830	0.175000	25.050000
5.674272	14591.780000	2683.535669	0.175000	25.050000
5.675245	14591.850000	2682.918825	0.175000	25.050000
5.675042	14591.890000	2685.322516	0.175000	25.050000
5.674778	14591.850000	2684.868507	0.175000	25.050000
5.675022	14591.810000	2683.961604	0.175000	25.050000
5.675261	14591.850000	2682.971699	0.175000	25.050000
5.674172	14591.960000	2683.194372	0.175000	25.050000
5.675126	14592.050000	2682.421319	0.175000	25.050000
5.674365	14592.080000	2682.617887	0.175000	25.050000
5.675270	14592.190000	2688.951979	0.175000	25.050000
5.676339	14592.120000	2683.124139	0.175000	25.050000
5.676296	14592.130000	2684.172835	0.175000	25.050000
5.676306	14592.140000	2684.094209	0.175000	25.050000
5.675410	14592.240000	2682.213380	0.175000	25.050000
5.675733	14592.290000	2685.402596	0.175000	25.050000
5.674824	14592.260000	2685.738485	0.175000	25.050000
5.673373	14597.340000	2683.974233	0.195000	25.050000
5.672173	14597.890000	2684.338122	0.195000	25.050000
5.672375	14598.070000	2688.354504	0.195000	25.350000
5.671752	14598.150000	2685.462322	0.195000	25.350000
5.672235	14598.110000	2687.405692	0.195000	25.050000
5.671403	14598.070000	2687.817063	0.195000	25.350000
5.671637	14598.160000	2683.046283	0.195000	25.350000
5.670188	14598.310000	2683.583460	0.195000	25.050000
5.671316	14598.380000	2685.028410	0.195000	25.050000
5.670598	14598.390000	2687.269870	0.195000	25.050000
5.670405	14598.430000	2684.277564	0.195000	25.350000
5.669904	14598.460000	2685.307561	0.195000	25.050000
5.670193	14598.530000	2684.083806	0.195000	25.350000
5.669178	14598.510000	2687.546834	0.195000	25.350000
5.669683	14598.660000	2686.200934	0.195000	25.350000
5.669278	14598.670000	2687.592920	0.195000	25.350000
5.669017	14598.590000	2688.534600	0.195000	25.050000
5.668640	14598.680000	2686.139721	0.195000	25.050000
5.669288	14598.690000	2684.118409	0.195000	25.350000
5.667160	14598.640000	2685.624036	0.195000	25.350000
5.667616	14598.650000	2683.649666	0.195000	25.350000
5.667039	14598.630000	2687.108521	0.195000	25.350000
5.654810	14631.160000	2701.279337	0.215000	25.350000
5.655042	14636.660000	2698.298584	0.215000	25.350000
5.653881	14637.390000	2694.051850	0.215000	25.350000
5.654132	14637.770000	2697.842819	0.215000	25.350000
5.654259	14637.980000	2690.800909	0.215000	25.350000
5.655948	14638.150000	2695.195877	0.215000	25.350000
5.657660	14638.250000	2696.910435	0.215000	25.050000
5.657977	14638.270000	2693.629187	0.215000	25.350000
5.658147	14638.300000	2697.406913	0.215000	25.050000
5.658146	14638.330000	2693.918340	0.215000	25.350000
5.657933	14638.190000	2697.747357	0.215000	25.050000
5.657880	14638.230000	2693.218267	0.215000	25.050000
5.658246	14638.260000	2697.655727	0.215000	25.050000
5.657659	14638.290000	2696.952163	0.215000	25.350000
5.658072	14638.400000	2694.497433	0.215000	25.050000
5.657645	14638.480000	2697.179216	0.215000	25.050000
5.657512	14638.430000	2698.837520	0.215000	25.350000
5.657589	14638.350000	2695.335563	0.215000	25.050000
5.657194	14638.280000	2695.001724	0.215000	25.350000
5.656702	14638.310000	2698.284733	0.215000	25.050000
5.657399	14638.340000	2696.560536	0.215000	25.050000
5.657386	14638.250000	2696.440436	0.215000	25.350000
5.639202	14722.110000	2717.882786	0.235000	25.050000
5.637004	14726.770000	2721.999946	0.235000	25.050000
5.637839	14727.520000	2723.789374	0.235000	25.050000
5.637427	14727.720000	2727.537294	0.235000	25.050000
5.636812	14727.910000	2725.198036	0.235000	25.050000
5.636933	14727.920000	2722.673583	0.235000	25.050000
5.635680	14728.130000	2725.381757	0.235000	25.050000
5.635736	14728.230000	2725.703997	0.235000	25.050000
5.635817	14728.330000	2725.282297	0.235000	25.050000
5.636010	14728.440000	2726.010985	0.235000	25.050000
5.635570	14728.490000	2722.682307	0.235000	25.050000
5.634652	14728.570000	2722.919860	0.235000	25.050000
5.634169	14728.500000	2724.026161	0.235000	25.050000
5.633616	14728.580000	2725.916616	0.235000	25.350000
5.634024	14728.640000	2726.376227	0.235000	25.050000
5.633442	14728.710000	2726.195992	0.235000	25.050000
5.633084	14728.680000	2721.651750	0.235000	25.050000
5.632097	14728.700000	2724.018837	0.235000	25.350000
5.631322	14728.630000	2722.630619	0.235000	25.050000
5.631316	14728.810000	2722.444240	0.235000	25.050000
5.630425	14728.860000	2723.620925	0.235000	25.050000
5.631632	14728.970000	2727.375241	0.235000	25.050000
5.604427	14811.920000	2752.882511	0.255000	25.350000
5.603281	14816.580000	2741.254770	0.255000	25.050000
5.603311	14817.300000	2749.748347	0.255000	25.350000
5.602802	14817.430000	2743.158627	0.255000	25.350000
5.603704	14817.590000	2745.776975	0.255000	25.350000
5.603575	14817.720000	2748.928674	0.255000	25.050000
5.602441	14817.870000	2744.048961	0.255000	25.350000
5.603273	14817.930000	2746.462617	0.255000	25.350000
5.603124	14817.990000	2737.603846	0.255000	25.050000
5.602117	14818.050000	2749.154763	0.255000	25.350000
5.601856	14818.080000	2752.528783	0.255000	25.350000
5.601857	14818.050000	2746.039777	0.255000	25.350000
5.600856	14818.120000	2748.147486	0.255000	25.350000
5.600726	14818.170000	2745.279592	0.255000	25.350000
5.600299	14818.220000	2743.382482	0.255000	25.350000
5.598767	14818.130000	2751.485712	0.255000	25.350000
5.599358	14818.240000	2755.335368	0.255000	25.350000
5.599394	14818.360000	2739.344406	0.255000	25.350000
5.598932	14818.440000	2751.550540	0.255000	25.650000
5.599551	14818.500000	2752.476572	0.255000	25.350000
5.598339	14818.400000	2743.751623	0.255000	25.350000
5.598865	14818.510000	2740.504861	0.255000	25.650000
5.566979	14902.980000	2765.792388	0.275000	25.350000
5.564889	14907.250000	2772.009308	0.275000	25.650000
5.563307	14907.790000	2763.326247	0.275000	25.350000
5.563011	14908.060000	2768.439577	0.275000	25.350000
5.562345	14908.140000	2763.441103	0.275000	25.350000
5.562168	14908.150000	2764.245365	0.275000	25.350000
5.561572	14908.210000	2769.748580	0.275000	25.350000
5.561767	14908.460000	2773.744824	0.275000	25.650000
5.562062	14908.540000	2777.271868	0.275000	25.650000
5.562315	14908.670000	2762.617212	0.275000	25.350000
5.561892	14908.730000	2768.927570	0.275000	25.350000
5.561268	14908.670000	2774.835871	0.275000	25.650000
5.563408	14908.730000	2769.540869	0.275000	25.350000
5.562478	14908.620000	2766.332057	0.275000	25.350000
5.562707	14908.610000	2765.270838	0.275000	25.350000
5.562601	14908.610000	2763.966592	0.275000	25.350000
5.561949	14908.630000	2766.873439	0.275000	25.350000
5.562132	14908.700000	2774.068858	0.275000	25.350000
5.561790	14908.800000	2759.976000	0.275000	25.350000
5.560777	14908.720000	2764.423437	0.275000	25.350000
5.559579	14908.770000	2773.103856	0.275000	25.350000
5.560327	14908.790000	2772.636764	0.275000	25.350000
5.524539	14995.780000	2783.934202	0.295000	25.350000
5.523175	15000.100000	2745.150246	0.295000	25.650000
5.504953	15000.460000	2841.997329	0.295000	25.650000
5.527946	15000.700000	2797.569175	0.295000	25.350000
5.518640	15000.920000	2778.391038	0.295000	25.650000
5.520103	15001.070000	2770.199288	0.295000	25.650000
5.522716	15001.180000	2783.842626	0.295000	25.350000
5.519226	15001.160000	2787.028997	0.295000	25.350000
5.522022	15001.100000	2781.724999	0.295000	25.650000
5.520571	15001.330000	2798.391818	0.295000	25.350000
5.522972	15001.590000	2832.440425	0.295000	25.350000
5.522753	15001.530000	2759.980193	0.295000	25.350000
5.522937	15001.470000	2799.252292	0.295000	25.350000
5.521408	15001.500000	2754.332725	0.295000	25.350000
5.521770	15001.540000	2827.960124	0.295000	25.650000
5.523425	15001.570000	2831.369059	0.295000	25.350000
5.521776	15001.600000	2745.871508	0.295000	25.350000
5.521663	15001.540000	2783.161745	0.295000	25.350000
5.520956	15001.590000	2828.627602	0.295000	25.350000
5.521624	15001.500000	2828.040271	0.295000	25.650000
5.520698	15001.650000	2768.005124	0.295000	25.650000
5.521167	15001.660000	2838.968051	0.295000	25.650000
5.489929	15089.410000	2812.243280	0.315000	25.350000
5.487916	15093.230000	2812.715689	0.315000	25.350000
5.488631	15093.730000	2814.121437	0.315000	25.350000
5.487114	15093.890000	2812.255953	0.315000	25.350000
5.486660	15093.990000	2808.633417	0.315000	25.650000
5.485650	15094.100000	2808.294353	0.315000	25.650000
5.486482	15094.270000	2812.995449	0.315000	25.650000
5.485985	15094.460000	2806.668764	0.315000	25.650000
5.487871	15094.650000	2809.486849	0.315000	25.350000
5.487172	15094.570000	2811.823864	0.315000	25.650000
5.486757	15094.600000	2813.007506	0.315000	25.650000
5.487538	15094.790000	2814.363839	0.315000	25.650000
5.487439	15094.950000	2818.106333	0.315000	25.650000
5.487858	15094.810000	2810.184839	0.315000	25.350000
5.487475	15094.760000	2810.936339	0.315000	25.350000
5.488165	15094.670000	2812.052649	0.315000	25.650000
5.487527	15094.580000	2815.131759	0.315000	25.350000
5.488476	15094.520000	2811.494293	0.315000	25.350000
5.487584	15094.590000	2810.452477	0.315000	25.350000
5.486312	15094.720000	2812.937653	0.315000	25.650000
5.485454	15094.870000	2814.478199	0.315000	25.650000
5.486242	15095.070000	2812.270383	0.315000	25.350000
5.447992	15183.990000	2833.307185	0.335000	25.650000
5.446495	15187.470000	2830.216164	0.335000	25.650000
5.445686	15187.890000	2836.347177	0.335000	25.650000
5.445630	15188.050000	2830.424857	0.335000	25.650000
5.442991	15188.050000	2828.488928	0.335000	25.650000
5.443295	15188.170000	2829.363953	0.335000	25.650000
5.442258	15188.250000	2832.820607	0.335000	25.650000
5.442127	15188.400000	2831.033322	0.335000	25.650000
5.441476	15188.360000	2828.897674	0.335000	25.650000
5.440729	15188.440000	2833.956802	0.335000	25.650000
5.441508	15188.430000	2834.072886	0.335000	25.650000
5.441816	15188.510000	2828.690354	0.335000	25.650000
5.441701	15188.700000	2830.616244	0.335000	25.650000
5.441524	15188.660000	2835.330360	0.335000	25.650000
5.442489	15188.810000	2834.410697	0.335000	25.650000
5.441265	15188.990000	2834.117889	0.335000	25.650000
5.440663	15189.060000	2834.257906	0.335000	25.650000
5.440369	15188.880000	2828.078083	0.335000	25.650000
5.439936	15188.990000	2826.863946	0.335000	25.650000
5.439514	15189.100000	2831.958396	0.335000	25.650000
5.438937	15189.290000	2833.658973	0.335000	25.650000
5.438254	15189.460000	2829.662402	0.335000	25.650000
5.402498	15278.440000	2855.963204	0.355000	25.650000
5.399301	15281.210000	2847.747345	0.355000	25.650000
5.398430	15281.540000	2851.053028	0.355000	25.650000
5.398443	15281.520000	2851.353977	0.355000	25.650000
5.397255	15281.690000	2852.087354	0.355000	25.950000
5.397000	15281.810000	2852.801429	0.355000	25.950000
5.397743	15282.090000	2850.102533	0.355000	25.950000
5.396626	15282.230000	2851.958444	0.355000	25.650000
5.395855	15282.360000	2850.948187	0.355000	25.650000
5.395008	15282.450000	2849.215388	0.355000	25.650000
5.394226	15282.380000	2849.618516	0.355000	25.950000
5.393765	15282.490000	2852.367501	0.355000	25.950000
5.392651	15282.530000	2850.806936	0.355000	25.950000
5.392139	15282.680000	2844.505567	0.355000	25.950000
5.392126	15282.680000	2843.361493	0.355000	25.950000
5.390665	15282.710000	2848.026338	0.355000	25.950000
5.389821	15282.710000	2853.830404	0.355000	25.950000
5.389123	15282.950000	2848.393695	0.355000	25.950000
5.389563	15283.040000	2851.592254	0.355000	25.950000
5.388887	15283.120000	2847.977392	0.355000	26.250000
5.388160	15283.060000	2852.095495	0.355000	25.950000
5.387589	15283.120000	2849.968251	0.355000	25.950000
5.353438	15372.370000	2873.145047	0.375000	25.950000
5.352238	15375.170000	2871.378115	0.375000	25.950000
5.351503	15375.620000	2879.230986	0.375000	25.950000
5.351433	15375.860000	2870.335578	0.375000	25.950000
5.350209	15375.940000	2873.432139	0.375000	25.950000
5.349819	15376.160000	2871.660294	0.375000	25.950000
5.349219	15376.240000	2873.738827	0.375000	25.950000
5.347950	15376.270000	2869.206732	0.375000	25.950000
5.348354	15376.360000	2868.412559	0.375000	26.250000
5.347820	15376.440000	2870.944252	0.375000	26.250000
5.346495	15376.220000	2872.638950	0.375000	26.250000
5.346724	15376.260000	2872.437632	0.375000	25.950000
5.346727	15376.210000	2869.789849	0.375000	25.950000
5.347462	15376.480000	2873.559086	0.375000	26.250000
5.347246	15376.530000	2871.552379	0.375000	26.250000
5.346345	15376.670000	2872.785432	0.375000	26.250000
5.345869	15376.610000	2868.161470	0.375000	26.250000
5.345397	15376.710000	2867.668860	0.375000	26.250000
5.344378	15376.760000	2874.246052	0.375000	26.250000
5.343792	15376.850000	2876.935126	0.375000	26.250000
5.343011	15376.800000	2872.557583	0.375000	26.250000
5.342120	15376.800000	2872.641289	0.375000	26.250000
5.307829	15469.470000	2888.696957	0.395000	26.250000
5.305586	15472.090000	2900.277344	0.395000	26.250000
5.305029	15472.370000	2890.697160	0.395000	26.250000
5.303550	15472.400000	2897.071995	0.395000	26.250000
5.303124	15472.370000	2899.775712	0.395000	26.250000
5.302981	15472.410000	2899.187215	0.395000	26.250000
5.302540	15472.430000	2896.732909	0.395000	26.250000
5.303221	15472.460000	2896.259437	0.395000	26.250000
5.302735	15472.440000	2896.992874	0.395000	26.550000
5.302317	15472.300000	2899.192412	0.395000	26.250000
5.301931	15472.460000	2892.639008	0.395000	26.550000
5.301323	15472.460000	2897.729462	0.395000	26.550000
5.301005	15472.920000	2893.899032	0.395000	26.250000
5.301523	15472.990000	2898.411983	0.395000	26.550000
5.300407	15473.080000	2894.672849	0.395000	26.550000
5.298714	15473.160000	2900.200083	0.395000	26.250000
5.298825	15473.410000	2901.581145	0.395000	26.550000
5.298043	15473.600000	2903.806086	0.395000	26.550000
5.297870	15473.720000	2899.237277	0.395000	26.550000
5.297641	15473.830000	2894.687394	0.395000	26.550000
5.296315	15473.960000	2891.579697	0.395000	26.550000
5.296445	15473.900000	2891.239186	0.395000	26.550000
5.256762	15565.590000	2906.810191	0.415000	26.550000
5.254683	15567.980000	2906.959928	0.415000	26.550000
5.255446	15568.350000	2906.550695	0.415000	26.550000
5.254785	15568.520000	2918.864460	0.415000	26.850000
5.253295	15568.550000	2919.974862	0.415000	26.550000
5.253119	15568.510000	2912.264612	0.415000	26.850000
5.251665	15568.490000	2914.416005	0.415000	26.850000
5.250787	15568.480000	2920.241489	0.415000	26.850000
5.250608	15568.480000	2914.489828	0.415000	26.850000
5.250455	15568.400000	2911.879474	0.415000	26.850000
5.250620	15568.270000	2910.924407	0.415000	26.550000
5.250367	15568.650000	2926.994773	0.415000	26.850000
5.251251	15569.010000	2920.365457	0.415000	26.550000
5.250426	15569.090000	2917.359458	0.415000	26.550000
5.249655	15569.020000	2922.441385	0.415000	26.850000
5.249855	15569.120000	2906.140850	0.415000	26.850000
5.248144	15569.040000	2912.832157	0.415000	26.850000
5.247710	15569.190000	2916.352278	0.415000	26.850000
5.248008	15569.440000	2926.461824	0.415000	26.550000
5.248891	15569.840000	2920.944984	0.415000	26.550000
5.249107	15570.040000	2921.126764	0.415000	26.550000
5.248388	15570.160000	2907.788229	0.415000	26.850000
5.210883	15661.600000	2931.554484	0.435000	26.550000
5.208903	15664.000000	2936.400725	0.435000	26.550000
5.208545	15664.060000	2930.961256	0.435000	26.850000
5.208329	15664.410000	2923.101648	0.435000	26.850000
5.207482	15664.380000	2937.464091	0.435000	26.850000
5.207574	15664.040000	2937.477207	0.435000	26.850000
5.206676	15664.110000	2938.927799	0.435000	26.550000
5.207063	15664.170000	2932.021124	0.435000	26.550000
5.205393	15664.120000	2936.053446	0.435000	26.850000
5.205300	15664.020000	2930.121750	0.435000	26.850000
5.203656	15663.970000	2931.599798	0.435000	26.850000
5.204740	15663.730000	2931.279631	0.435000	26.550000
5.204020	15663.650000	2936.612808	0.435000	26.850000
5.203889	15663.660000	2936.980123	0.435000	26.850000
5.202302	15663.650000	2934.100714	0.435000	26.850000
5.201634	15663.690000	2937.649547	0.435000	26.850000
5.200696	15663.910000	2939.272811	0.435000	26.850000
5.198963	15664.090000	2937.427390	0.435000	26.850000
5.199190	15663.890000	2930.435150	0.435000	26.850000
5.197755	15663.940000	2940.443514	0.435000	26.850000
5.196660	15964.840000	2994.977077	0.435000	26.850000
5.195171	15664.200000	2937.304304	0.435000	27.150000
5.155271	15758.540000	2957.105163	0.455000	27.150000
5.153876	15760.540000	2959.864885	0.455000	26.850000
5.153917	15760.950000	2959.051910	0.455000	27.150000
5.153804	15761.070000	2957.323680	0.455000	27.150000
5.153861	15760.860000	2956.508722	0.455000	27.150000
5.153526	15760.810000	2960.442451	0.455000	27.150000
5.151592	15760.830000	2952.274180	0.455000	27.450000
5.151350	15760.840000	2953.988969	0.455000	27.150000
5.150519	15760.730000	2954.196034	0.455000	27.150000
5.149282	15761.260000	2951.146170	0.455000	27.150000
5.148829	15761.560000	2954.726771	0.455000	27.150000
5.146764	15761.480000	2962.029679	0.455000	27.450000
5.148092	15761.680000	2962.797372	0.455000	27.150000
5.148256	15761.500000	2954.110010	0.455000	27.150000
5.147984	15761.880000	2952.191072	0.455000	27.150000
5.146834	15761.730000	2951.663893	0.455000	27.450000
5.147019	15761.960000	2951.186219	0.455000	27.150000
5.146145	15761.810000	2956.373713	0.455000	27.150000
5.145510	15761.980000	2949.426736	0.455000	27.450000
5.145960	15762.520000	2958.529392	0.455000	27.450000
5.148203	15762.650000	2954.650815	0.455000	27.150000
5.148373	15762.780000	2955.217235	0.455000	27.150000
5.103393	15854.150000	2972.280465	0.475000	27.450000
5.101916	15856.130000	2971.156022	0.475000	27.450000
5.101400	15856.310000	2972.282945	0.475000	27.450000
5.099901	15856.090000	2969.789212	0.475000	27.150000
5.098164	15856.140000	2969.220376	0.475000	27.450000
5.096747	15856.000000	2968.269122	0.475000	27.150000
5.096894	15856.190000	2966.221855	0.475000	27.450000
5.094732	15856.550000	2968.173342	0.475000	27.450000
5.095447	15856.880000	2969.135030	0.475000	27.450000
5.093603	15856.860000	2970.083547	0.475000	27.450000
5.092155	15857.050000	2974.993092	0.475000	27.450000
5.090097	15856.890000	2970.642368	0.475000	27.450000
5.089674	15856.750000	2967.216088	0.475000	27.750000
5.088019	15856.850000	2975.003614	0.475000	27.450000
5.086307	15856.640000	2965.236567	0.475000	27.450000
5.084482	15856.650000	2962.061909	0.475000	27.750000
5.082103	15856.650000	2961.688720	0.475000	27.750000
5.079925	15857.000000	2968.918974	0.475000	27.750000
5.079568	15856.860000	2964.311202	0.475000	27.750000
5.079618	15857.390000	2968.516915	0.475000	27.750000
5.080638	15857.940000	2965.940084	0.475000	27.750000
5.079286	15858.160000	2964.468650	0.475000	27.750000
5.026006	15948.250000	2968.083814	0.495000	28.050000
5.023826	15950.000000	2975.236848	0.495000	27.750000
5.024678	15950.520000	2975.492416	0.495000	27.750000
5.022911	15950.730000	2973.222834	0.495000	28.050000
5.021632	15950.760000	2974.194931	0.495000	27.750000
5.021356	15950.490000	2974.206840	0.495000	27.750000
5.019343	15950.440000	2972.086253	0.495000	27.750000
5.017160	15950.110000	2975.071837	0.495000	28.050000
5.015559	15950.210000	2977.566068	0.495000	28.050000
5.014753	15950.450000	2975.836033	0.495000	28.050000
5.014510	15950.230000	2974.023742	0.495000	28.050000
5.013965	15950.890000	2971.997253	0.495000	28.050000
5.014423	15950.770000	2966.075822	0.495000	28.050000
5.013345	15950.590000	2971.312732	0.495000	28.050000
5.011920	15951.140000	2962.959430	0.495000	28.050000
5.012493	15951.040000	2972.417650	0.495000	28.050000
5.010308	15951.100000	2965.202784	0.495000	28.050000
5.009572	15951.370000	2972.949990	0.495000	28.050000
5.007516	15951.210000	2971.211410	0.495000	28.050000
5.006118	15951.320000	2971.927853	0.495000	28.350000
5.005670	15951.760000	2968.620830	0.495000	28.050000
5.004674	15951.960000	2971.041547	0.495000	28.050000
4.980327	16041.500000	3002.249434	0.515000	28.350000
4.978460	16042.890000	3000.232321	0.515000	28.350000
4.979246	16043.340000	3006.334685	0.515000	28.350000
4.978520	16043.490000	3003.644659	0.515000	28.350000
4.977682	16043.420000	2998.734006	0.515000	28.350000
4.976109	16043.410000	2999.267863	0.515000	28.350000
4.975003	16043.510000	2997.150067	0.515000	28.650000
4.973923	16043.000000	3003.100752	0.515000	28.350000
4.972917	16043.000000	2999.650300	0.515000	28.650000
4.971912	16043.030000	3001.287779	0.515000	28.650000
4.971606	16043.090000	2994.652710	0.515000	28.650000
4.970866	16043.580000	3001.288566	0.515000	28.650000
4.970168	16043.380000	2999.670347	0.515000	28.650000
4.968827	16043.000000	3001.600747	0.515000	28.650000
4.967124	16042.580000	3001.969645	0.515000	28.650000
4.966119	16042.750000	2999.156253	0.515000	28.650000
4.967359	16043.200000	3007.706081	0.515000	28.650000
4.967150	16043.400000	3000.497475	0.515000	28.950000
4.965718	16043.130000	3003.458671	0.515000	28.950000
4.964155	16043.170000	3003.333214	0.515000	28.650000
4.963706	16042.990000	3004.251423	0.515000	28.650000
4.964197	16043.530000	3009.891574	0.515000	28.650000
4.933853	16134.650000	3031.797024	0.535000	28.950000
4.934383	16136.460000	3027.331907	0.535000	28.950000
4.933569	16136.540000	3030.673638	0.535000	28.950000
4.933348	16136.290000	3027.429781	0.535000	28.950000
4.932508	16136.550000	3033.894978	0.535000	28.950000
4.931170	16136.560000	3032.157564	0.535000	28.950000
4.931512	16136.780000	3028.009726	0.535000	28.950000
4.930901	16136.650000	3026.014837	0.535000	28.950000
4.929565	16136.270000	3031.954910	0.535000	28.950000
4.927191	16135.910000	3023.716502	0.535000	28.950000
4.926009	16136.090000	3029.625790	0.535000	29.250000
4.926205	16136.160000	3033.564130	0.535000	28.950000
4.924890	16136.050000	3028.606242	0.535000	28.950000
4.923227	16135.990000	3027.560013	0.535000	29.250000
4.922723	16136.360000	3027.479034	0.535000	29.250000
4.924089	16136.880000	3030.199951	0.535000	29.250000
4.922932	16137.020000	3030.409789	0.535000	29.250000
4.923768	16137.300000	3022.857773	0.535000	28.950000
4.922559	16137.620000	3024.570004	0.535000	28.950000
4.923547	16138.000000	3024.151284	0.535000	29.250000
4.924114	16138.450000	3028.128106	0.535000	28.950000
4.924888	16138.770000	3022.927789	0.535000	29.250000
4.891403	16226.500000	3053.886549	0.555000	28.950000
4.889607	16227.980000	3049.384721	0.555000	28.950000
4.888620	16227.610000	3053.307976	0.555000	28.950000
4.887021	16227.200000	3052.303083	0.555000	28.950000
4.885550	16226.940000	3051.593974	0.555000	28.950000
4.883575	16226.940000	3049.575535	0.555000	29.250000
4.883032	16226.960000	3044.471532	0.555000	29.250000
4.881076	16226.750000	3047.093539	0.555000	28.950000
4.877863	16226.400000	3047.615109	0.555000	29.250000
4.876837	16226.520000	3042.611374	0.555000	29.250000
4.876388	16226.530000	3047.761473	0.555000	29.250000
4.875122	16225.960000	3049.947812	0.555000	29.250000
4.872955	16226.020000	3048.420884	0.555000	29.550000
4.871442	16225.780000	3044.573890	0.555000	29.550000
4.869852	16225.510000	3050.284185	0.555000	29.250000
4.867963	16225.640000	3045.829940	0.555000	29.550000
4.867037	16225.460000	3044.995767	0.555000	29.550000
4.866029	16225.580000	3052.038329	0.555000	29.550000
4.864910	16225.780000	3047.368819	0.555000	29.550000
4.864186	16225.740000	3044.910716	0.555000	29.550000
4.863058	16225.940000	3044.047229	0.555000	29.850000
4.862114	16225.700000	3046.929024	0.555000	29.850000
4.823430	16316.420000	3064.726127	0.575000	29.850000
4.823093	16318.220000	3067.719018	0.575000	29.550000
4.823473	16318.610000	3066.463530	0.575000	29.850000
4.822805	16318.900000	3072.388361	0.575000	29.850000
4.821655	16318.090000	3065.230337	0.575000	29.850000
4.819936	16317.690000	3059.556157	0.575000	29.850000
4.818771	16317.330000	3063.018024	0.575000	29.850000
4.817593	16317.090000	3066.724035	0.575000	29.850000
4.816189	16317.090000	3063.423644	0.575000	29.850000
4.816487	16318.130000	3065.432100	0.575000	29.850000
4.816571	16317.940000	3064.063828	0.575000	29.850000
4.814556	16318.330000	3065.469959	0.575000	30.150000
4.817115	16319.350000	3064.234650	0.575000	29.850000
4.815348	16318.690000	3067.306962	0.575000	30.150000
4.814379	16318.110000	3062.582260	0.575000	30.150000
4.814187	16317.900000	3063.810484	0.575000	30.150000
4.811744	16317.790000	3065.450005	0.575000	29.850000
4.811137	16317.690000	3070.911103	0.575000	30.150000
4.810463	16317.980000	3067.362055	0.575000	30.150000
4.808782	16317.970000	3060.621629	0.575000	30.150000
4.807330	16317.590000	3058.220393	0.575000	30.150000
4.805213	16317.280000	3059.032052	0.575000	30.150000
4.768607	16405.890000	3097.459859	0.595000	30.150000
4.766559	16407.340000	3085.987752	0.595000	30.450000
4.766711	16407.990000	3094.678606	0.595000	30.150000
4.766180	16408.180000	3075.510706	0.595000	30.150000
4.763804	16407.590000	3098.103070	0.595000	30.450000
4.763672	16407.470000	3086.904040	0.595000	30.450000
4.760230	16407.680000	3098.401255	0.595000	30.450000
4.760735	16408.410000	3076.586696	0.595000	30.450000
4.759799	16408.390000	3096.485441	0.595000	30.750000
4.758654	16407.790000	3084.489427	0.595000	30.750000
4.757772	16407.580000	3070.260341	0.595000	30.450000
4.755888	16407.540000	3086.510521	0.595000	30.750000
4.754979	16407.120000	3090.877685	0.595000	30.750000
4.752802	16407.140000	3081.359764	0.595000	30.750000
4.751973	16407.420000	3087.340831	0.595000	30.750000
4.750274	16407.420000	3085.065403	0.595000	30.750000
4.749180	16407.500000	3082.578572	0.595000	30.750000
4.748236	16407.420000	3081.368503	0.595000	30.750000
4.747183	16407.220000	3089.549190	0.595000	30.750000
4.747105	16407.900000	3078.788377	0.595000	30.750000
4.747758	16408.540000	3086.488730	0.595000	30.750000
4.747897	16408.840000	3090.045762	0.595000	31.050000
4.710945	16494.770000	3096.812347	0.615000	31.050000
4.710815	16496.200000	3099.157002	0.615000	31.050000
4.708214	16496.170000	3103.320341	0.615000	31.050000
4.707835	16495.940000	3096.177091	0.615000	31.050000
4.707540	16495.620000	3095.152358	0.615000	31.050000
4.704294	16494.780000	3097.351735	0.615000	31.050000
4.704899	16494.180000	3097.361642	0.615000	31.050000
4.703733	16493.750000	3100.833838	0.615000	31.050000
4.702771	16493.530000	3091.053015	0.615000	31.050000
4.701058	16493.550000	3093.158492	0.615000	31.050000
4.700283	16493.470000	3093.445175	0.615000	31.050000
4.699382	16493.310000	3094.968659	0.615000	31.050000
4.697921	16493.100000	3094.962279	0.615000	31.350000
4.697185	16493.100000	3093.942629	0.615000	31.350000
4.695495	16493.030000	3097.328112	0.615000	31.350000
4.694429	16493.140000	3093.207974	0.615000	31.350000
4.693724	16493.250000	3091.940937	0.615000	31.350000
4.692829	16493.230000	3093.656092	0.615000	31.650000
4.691085	16493.810000	3092.417177	0.615000	31.650000
4.690284	16493.860000	3094.356608	0.615000	31.650000
4.687587	16493.680000	3093.380625	0.615000	31.350000
4.686991	16493.480000	3093.269221	0.615000	31.350000
4.647139	16582.620000	3109.255234	0.635000	31.650000
4.645100	16583.580000	3111.574288	0.635000	31.650000
4.645223	16583.690000	3113.540969	0.635000	31.650000
4.644209	16584.840000	3112.194195	0.635000	31.650000
4.644534	16585.150000	3108.518565	0.635000	31.650000
4.644745	16584.890000	3113.639885	0.635000	31.650000
4.644039	16585.530000	3113.125452	0.635000	31.650000
4.643696	16585.200000	3113.272801	0.635000	31.650000
4.643321	16585.280000	3110.726548	0.635000	31.650000
4.642740	16585.880000	3111.465042	0.635000	31.650000
4.641706	16585.550000	3116.779588	0.635000	31.650000
4.640652	16585.500000	3114.719996	0.635000	31.650000
4.639420	16586.160000	3113.117821	0.635000	31.650000
4.637562	16585.460000	3114.148634	0.635000	31.650000
4.635752	16585.980000	3109.004889	0.635000	31.650000
4.633847	16585.970000	3109.165860	0.635000	31.650000
4.630708	16585.390000	3113.501639	0.635000	31.650000
4.629488	16584.960000	3106.012197	0.635000	31.950000
4.627590	16584.490000	3109.503925	0.635000	31.650000
4.626439	16584.210000	3110.498211	0.635000	31.950000
4.624702	16584.040000	3105.183736	0.635000	31.950000
4.622541	16583.870000	3110.652868	0.635000	31.950000
4.581988	16669.900000	3125.894390	0.655000	31.950000
4.579770	16671.000000	3126.647987	0.655000	31.950000
4.577698	16671.310000	3124.759781	0.655000	31.950000
4.575953	16671.430000	3129.399100	0.655000	31.950000
4.573934	16671.520000	3125.668293	0.655000	31.950000
4.572605	16671.200000	3128.822791	0.655000	32.250000
4.571110	16671.840000	3123.308948	0.655000	32.250000
4.570696	16672.160000	3126.222441	0.655000	32.250000
4.569923	16671.710000	3119.437229	0.655000	32.250000
4.569519	16671.180000	3121.202530	0.655000	32.550000
4.566585	16671.310000	3118.897650	0.655000	32.550000
4.566349	16671.440000	3117.726979	0.655000	32.250000
4.565443	16670.970000	3119.006368	0.655000	32.550000
4.564434	16670.590000	3122.776390	0.655000	32.550000
4.562528	16671.000000	3120.639359	0.655000	32.550000
4.561279	16671.270000	3114.577466	0.655000	32.550000
4.560796	16670.510000	3117.386930	0.655000	32.850000
4.560599	16669.910000	3117.581732	0.655000	32.550000
4.557956	16670.500000	3116.928277	0.655000	32.550000
4.557847	16670.010000	3121.081107	0.655000	32.550000
4.556758	16670.260000	3115.192130	0.655000	32.550000
4.555746	16670.800000	3114.950425	0.655000	32.850000
4.521775	16756.300000	3140.996522	0.675000	32.850000
4.519959	16757.270000	3139.104784	0.675000	32.550000
4.519522	16757.090000	3138.766181	0.675000	32.550000
4.518455	16757.750000	3135.973535	0.675000	32.850000
4.519158	16757.910000	3132.846847	0.675000	32.550000
4.517444	16757.160000	3135.815090	0.675000	32.850000
4.516384	16757.430000	3138.565499	0.675000	32.850000
4.515321	16756.730000	3135.465380	0.675000	32.850000
4.514494	16756.180000	3139.100565	0.675000	32.850000
4.512922	16756.270000	3132.191821	0.675000	32.850000
4.512977	16755.820000	3138.090045	0.675000	32.850000
4.513219	16755.150000	3136.550298	0.675000	32.850000
4.512502	16754.670000	3140.187029	0.675000	32.550000
4.511511	16754.910000	3141.112429	0.675000	32.850000
4.512145	16754.830000	3137.240198	0.675000	32.850000
4.511481	16755.920000	3132.660062	0.675000	32.850000
4.511521	16756.040000	3136.755429	0.675000	32.850000
4.510147	16754.760000	3138.624212	0.675000	32.850000
4.510004	16754.830000	3136.128345	0.675000	32.850000
4.509173	16755.920000	3138.230615	0.675000	32.850000
4.508913	16756.630000	3136.013010	0.675000	32.850000
4.508699	16756.100000	3140.371331	0.675000	32.850000
4.475258	16843.040000	3155.090986	0.695000	32.850000
4.473543	16843.070000	3158.103409	0.695000	32.850000
4.472437	16843.240000	3158.886872	0.695000	32.850000
4.471049	16843.260000	3156.136656	0.695000	32.850000
4.469099	16843.380000	3156.848264	0.695000	32.850000
4.467814	16843.900000	3160.846712	0.695000	33.150000
4.465005	16843.260000	3165.864345	0.695000	32.850000
4.463020	16842.380000	3150.983428	0.695000	33.150000
4.462702	16841.800000	3158.248806	0.695000	33.150000
4.460783	16841.430000	3155.734797	0.695000	33.150000
4.459097	16841.320000	3160.767976	0.695000	33.450000
4.457547	16840.710000	3151.405995	0.695000	33.450000
4.456398	16840.960000	3146.444572	0.695000	33.450000
4.454743	16840.650000	3153.958335	0.695000	33.450000
4.453961	16841.100000	3154.062504	0.695000	33.450000
4.452867	16841.330000	3154.422183	0.695000	33.450000
4.452432	16840.830000	3154.181485	0.695000	33.450000
4.451207	16841.070000	3158.579711	0.695000	33.750000
4.452574	16840.600000	3158.258065	0.695000	33.450000
4.454836	16839.620000	3148.685885	0.695000	33.150000
4.454109	16840.060000	3158.412825	0.695000	33.450000
4.453883	16840.040000	3150.260070	0.695000	33.450000
4.415462	16928.670000	3173.236800	0.715000	33.450000
4.412823	16929.020000	3175.514938	0.715000	33.450000
4.410835	16929.370000	3176.646897	0.715000	33.750000
4.409961	16930.320000	3173.709313	0.715000	33.750000
4.408810	16930.580000	3168.226256	0.715000	33.750000
4.407742	16930.730000	3174.153120	0.715000	33.450000
4.405354	16929.880000	3173.372740	0.715000	33.750000
4.404643	16929.030000	3173.812543	0.715000	33.750000
4.403140	16929.060000	3171.010953	0.715000	34.050000
4.403605	16929.880000	3169.059163	0.715000	33.750000
4.403226	16928.540000	3167.800203	0.715000	33.750000
4.400862	16928.180000	3171.387518	0.715000	33.750000
4.398971	16928.970000	3167.844948	0.715000	34.050000
4.397361	16929.600000	3167.649098	0.715000	33.750000
4.397656	16928.460000	3167.724522	0.715000	34.050000
4.397160	16927.570000	3163.617390	0.715000	33.750000
4.393413	16928.050000	3168.048143	0.715000	34.050000
4.392617	16929.110000	3164.208225	0.715000	34.050000
4.389613	16928.300000	3166.941352	0.715000	34.350000
4.389460	16927.270000	3161.358959	0.715000	34.050000
4.387792	16927.140000	3165.418793	0.715000	34.050000
4.385845	16926.700000	3167.089519	0.715000	34.350000
4.345415	17010.710000	3184.328900	0.735000	34.350000
4.343778	17011.130000	3188.664558	0.735000	34.350000
4.341540	17010.600000	3185.252676	0.735000	34.350000
4.342861	17010.160000	3178.832669	0.735000	34.350000
4.339292	17009.970000	3181.740338	0.735000	34.650000
4.337954	17009.720000	3187.883609	0.735000	34.650000
4.336942	17009.420000	3179.462703	0.735000	34.950000
4.335834	17009.290000	3176.718266	0.735000	34.950000
4.335927	17008.900000	3182.674042	0.735000	34.650000
4.333714	17009.040000	3184.274714	0.735000	34.950000
4.329986	17010.160000	3180.967678	0.735000	34.950000
4.329452	17009.990000	3179.336086	0.735000	34.950000
4.328906	17009.390000	3176.793846	0.735000	34.950000
4.330010	17009.250000	3182.249463	0.735000	34.950000
4.329540	17009.000000	3181.802222	0.735000	35.250000
4.327990	17009.010000	3179.912470	0.735000	35.250000
4.325096	17009.100000	3185.223015	0.735000	35.250000
4.324940	17008.710000	3184.625211	0.735000	35.250000
4.324338	17008.720000	3180.416567	0.735000	35.250000
4.324724	17010.850000	3180.803768	0.735000	35.250000
4.324112	17010.950000	3178.593472	0.735000	35.550000
4.323234	17011.730000	3178.344273	0.735000	35.550000
4.286814	17093.470000	3193.792848	0.755000	35.550000
4.284926	17094.440000	3191.059175	0.755000	35.550000
4.283161	17093.350000	3190.959179	0.755000	35.550000
4.283255	17092.420000	3188.855579	0.755000	35.850000
4.284472	17091.740000	3192.474321	0.755000	35.850000
4.283132	17091.050000	3195.459543	0.755000	35.850000
4.279655	17090.680000	3189.080181	0.755000	35.850000
4.278160	17090.050000	3203.148728	0.755000	35.550000
4.276976	17089.750000	3184.257091	0.755000	35.850000
4.275744	17089.230000	3183.677535	0.755000	35.850000
4.275200	17089.110000	3200.389190	0.755000	35.850000
4.276383	17091.240000	3197.465476	0.755000	35.850000
4.274421	17091.860000	3193.026310	0.755000	36.150000
4.274945	17091.910000	3197.739398	0.755000	35.850000
4.271399	17091.290000	3190.531539	0.755000	35.850000
4.270321	17090.290000	3187.752189	0.755000	36.150000
4.269310	17089.370000	3178.202703	0.755000	36.150000
4.269318	17089.010000	3193.958927	0.755000	36.150000
4.269759	17089.240000	3190.839440	0.755000	36.150000
4.268829	17089.270000	3188.569187	0.755000	36.150000
4.267922	17088.550000	3179.811129	0.755000	36.150000
4.267095	17088.230000	3186.061649	0.755000	36.150000
4.220068	17173.860000	3197.691727	0.775000	36.450000
4.220019	17173.860000	3195.283262	0.775000	36.450000
4.217248	17173.900000	3200.745056	0.775000	36.150000
4.218024	17173.510000	3198.235586	0.775000	36.450000
4.216934	17173.600000	3193.292881	0.775000	36.150000
4.217745	17173.630000	3196.887006	0.775000	36.150000
4.216511	17176.460000	3191.372041	0.775000	36.450000
4.217194	17178.030000	3196.143872	0.775000	36.450000
4.215371	17177.800000	3193.177519	0.775000	36.450000
4.212413	17176.850000	3194.339032	0.775000	36.450000
4.209133	17176.990000	3186.317413	0.775000	36.450000
4.205469	17176.800000	3188.236832	0.775000	36.750000
4.202189	17176.770000	3187.330923	0.775000	36.750000
4.198679	17177.530000	3185.912716	0.775000	36.750000
4.193708	17176.890000	3180.431774	0.775000	36.750000
4.193893	17176.250000	3182.962412	0.775000	36.450000
4.192826	17175.710000	3172.135065	0.775000	36.750000
4.188865	17175.260000	3177.647106	0.775000	36.750000
4.186923	17174.660000	3188.911674	0.775000	37.050000
4.184411	17174.280000	3175.975781	0.775000	37.050000
4.189133	17173.000000	3183.325955	0.775000	36.750000
4.193266	17172.580000	3179.478543	0.775000	36.750000
4.164049	17256.250000	3217.402650	0.795000	36.750000
4.163617	17257.380000	3202.570977	0.795000	36.750000
4.159090	17256.850000	3203.228064	0.795000	37.050000
4.155749	17256.620000	3211.632775	0.795000	36.750000
4.154753	17255.770000	3209.029878	0.795000	37.050000
4.153827	17256.080000	3212.864808	0.795000	37.050000
4.154084	17257.850000	3213.939864	0.795000	37.050000
4.151318	17259.070000	3200.805918	0.795000	37.050000
4.151452	17259.480000	3212.837772	0.795000	37.050000
4.150615	17259.280000	3217.274580	0.795000	36.750000
4.151142	17257.530000	3213.586360	0.795000	37.050000
4.150498	17256.560000	3207.580189	0.795000	37.050000
4.146725	17256.530000	3205.547910	0.795000	37.050000
4.145811	17257.020000	3202.786732	0.795000	37.050000
4.144269	17256.800000	3206.407848	0.795000	37.350000
4.142212	17255.960000	3211.538538	0.795000	37.350000
4.140214	17255.000000	3200.511500	0.795000	37.350000
4.138046	17254.420000	3201.530591	0.795000	37.350000
4.135584	17254.490000	3211.050449	0.795000	37.350000
4.134693	17256.550000	3209.949512	0.795000	37.650000
4.132432	17255.820000	3200.883966	0.795000	37.650000
4.131050	17254.310000	3202.976590	0.795000	37.650000
4.110062	17333.910000	3224.923967	0.815000	37.650000
4.106092	17333.990000	3230.859127	0.815000	37.350000
4.106353	17333.590000	3226.618142	0.815000	37.350000
4.108603	17333.070000	3218.527991	0.815000	37.350000
4.106169	17333.800000	3226.747115	0.815000	37.350000
4.103812	17332.470000	3230.426906	0.815000	37.350000
4.099408	17331.910000	3232.370627	0.815000	37.650000
4.100462	17331.090000	3227.144412	0.815000	37.650000
4.102168	17331.640000	3230.216151	0.815000	37.350000
4.101045	17333.660000	3226.599784	0.815000	37.650000
4.101093	17331.740000	3224.788319	0.815000	37.350000
4.099700	17331.330000	3226.420709	0.815000	37.650000
4.096383	17330.550000	3222.978791	0.815000	37.650000
4.092953	17330.870000	3225.689755	0.815000	37.650000
4.095757	17331.760000	3227.435268	0.815000	37.650000
4.094533	17332.770000	3226.161124	0.815000	37.650000
4.093110	17331.040000	3224.450635	0.815000	37.650000
4.088685	17331.090000	3223.318138	0.815000	37.650000
4.084958	17330.370000	3222.117243	0.815000	37.950000
4.079140	17330.270000	3221.142163	0.815000	37.950000
4.077889	17329.420000	3216.931264	0.815000	38.250000
4.074913	17328.440000	3223.263097	0.815000	38.250000
4.038790	17412.230000	3241.325363	0.835000	38.250000
4.037868	17411.790000	3236.379728	0.835000	38.250000
4.036346	17411.090000	3240.578444	0.835000	38.250000
4.037285	17411.290000	3241.931161	0.835000	38.250000
4.036851	17411.320000	3240.693593	0.835000	38.250000
4.035106	17410.380000	3231.825956	0.835000	38.250000
4.032789	17675.460000	3287.252205	0.835000	38.550000
4.032089	17409.530000	3232.208238	0.835000	38.550000
4.030839	17408.940000	3234.886029	0.835000	38.550000
4.029401	17408.870000	3234.211885	0.835000	38.850000
4.027592	17407.950000	3233.940508	0.835000	38.850000
4.025874	17408.000000	3235.966451	0.835000	38.850000
4.024726	17408.060000	3231.690714	0.835000	38.850000
4.023031	17407.430000	3239.479521	0.835000	39.150000
4.022061	17407.060000	3227.427481	0.835000	39.150000
4.018696	17406.800000	3230.794899	0.835000	39.150000
4.015588	17407.600000	3235.192932	0.835000	39.150000
4.012737	17407.220000	3233.074064	0.835000	39.450000
4.009952	17406.390000	3236.945798	0.835000	39.450000
4.007887	17406.990000	3221.781122	0.835000	39.450000
4.007780	17406.570000	3228.805952	0.835000	39.450000
4.005293	17406.250000	3230.121561	0.835000	39.450000
3.970151	17486.470000	3247.099482	0.855000	39.450000
3.969102	17486.410000	3251.205636	0.855000	39.750000
3.966180	17487.070000	3245.089320	0.855000	39.750000
3.963326	17486.320000	3247.060380	0.855000	39.750000
3.963126	17485.170000	3241.045367	0.855000	39.750000
3.961510	17484.690000	3245.878872	0.855000	39.750000
3.958635	17485.900000	3248.512928	0.855000	39.750000
3.956253	17485.140000	3246.785737	0.855000	39.750000
3.953676	17484.880000	3248.223283	0.855000	40.050000
3.950561	17484.940000	3249.336484	0.855000	40.050000
3.948306	17484.820000	3241.599997	0.855000	40.050000
3.947492	17484.400000	3242.587713	0.855000	40.050000
3.946571	17484.070000	3242.630400	0.855000	40.050000
3.945896	17483.840000	3235.365852	0.855000	40.350000
3.945103	17483.750000	3242.998772	0.855000	40.350000
3.942350	17483.970000	3238.202919	0.855000	40.350000
3.939984	17485.980000	3237.979295	0.855000	40.350000
3.939153	17487.200000	3240.692059	0.855000	40.350000
3.938276	17486.440000	3240.566627	0.855000	40.650000
3.934694	17486.910000	3239.862993	0.855000	40.350000
3.933484	17486.230000	3240.690834	0.855000	40.650000
3.931000	17485.750000	3235.323944	0.855000	40.650000
3.895645	17560.120000	3250.957034	0.875000	40.650000
3.894735	17561.540000	3253.727135	0.875000	40.650000
3.890289	17560.500000	3248.234726	0.875000	40.950000
3.889666	17559.180000	3245.433776	0.875000	40.650000
3.887517	17558.220000	3247.413782	0.875000	40.950000
3.885663	17558.330000	3255.169099	0.875000	40.950000
3.886868	17557.740000	3245.085968	0.875000	40.950000
3.885994	17557.530000	3252.162667	0.875000	40.950000
3.885149	17557.270000	3250.873100	0.875000	40.950000
3.885359	17556.750000	3247.725163	0.875000	40.950000
3.883847	17556.240000	3247.563790	0.875000	41.250000
3.883067	17555.610000	3244.652614	0.875000	40.950000
3.881916	17555.620000	3248.414220	0.875000	41.250000
3.881166	17555.580000	3239.539141	0.875000	41.250000
3.879939	17555.620000	3239.873089	0.875000	41.250000
3.878455	17555.380000	3251.162460	0.875000	41.250000
3.877633	17555.270000	3239.885374	0.875000	41.250000
3.876951	17554.600000	3241.703652	0.875000	41.550000
3.876125	17554.440000	3244.463658	0.875000	41.550000
3.875680	17553.840000	3247.419479	0.875000	41.250000
3.876066	17553.560000	3244.084950	0.875000	41.550000
3.874458	17554.200000	3246.319467	0.875000	41.550000
3.839047	17634.410000	3251.343986	0.895000	41.850000
3.837627	17634.500000	3253.722874	0.895000	41.850000
3.836761	17634.280000	3254.357589	0.895000	41.850000
3.834863	17634.380000	3252.645487	0.895000	41.850000
3.835294	17633.170000	3247.769926	0.895000	41.850000
3.833946	17632.580000	3250.415315	0.895000	41.850000
3.831805	17632.560000	3249.877368	0.895000	42.150000
3.828597	17632.140000	3249.092717	0.895000	41.850000
3.827327	17632.010000	3247.296073	0.895000	42.150000
3.825439	17631.770000	3246.978268	0.895000	41.850000
3.823082	17633.780000	3248.025560	0.895000	41.850000
3.820205	17633.660000	3248.741783	0.895000	42.150000
3.818487	17632.680000	3249.684037	0.895000	42.150000
3.819086	17631.520000	3242.876202	0.895000	42.150000
3.819326	17631.970000	3251.179921	0.895000	42.150000
3.818754	17631.940000	3256.466648	0.895000	42.150000
3.821229	17630.750000	3248.276548	0.895000	42.450000
3.818205	17631.430000	3248.159307	0.895000	42.450000
3.816987	17631.320000	3248.287471	0.895000	42.450000
3.816703	17631.500000	3247.936219	0.895000	42.750000
3.815198	17631.080000	3247.662116	0.895000	42.450000
3.814572	17630.650000	3248.419788	0.895000	42.750000
