0.098761
0.171578
0.249960
0.339595
0.402144
0.479977
0.574363
0.654093
0.725442
0.815341
0.899447
0.987567
1.048481
1.129354
1.219385
1.301943
1.380919
1.457479
1.554379
1.535423
1.564561
1.567955
1.561888
1.556797
1.559473
1.545527
1.545998
1.568052
1.558552
1.549223
1.540778
1.551562
1.551447
1.555978
1.532050
1.529215
1.546326
1.537219
1.537537
1.522213
1.517713
1.519143
1.545447
1.545426
1.554169
1.562294
1.548107
1.546820
1.570783
1.570043
1.569774
1.571340
1.580885
1.601017
1.605723
1.593808
1.580301
1.597414
1.590304
1.599219
1.602478
1.604519
1.604419
1.607817
1.606661
1.609247
1.613666
1.596706
1.600584
1.623738
1.621307
1.607053
1.610515
1.612476
1.615280
1.615734
1.600122
1.603934
1.586307
1.578182
1.582136
1.584092
1.573429
1.567233
1.564641
1.569842
1.568481
1.554778
1.540675
1.534221
1.525583
1.500388
1.500765
1.503599
1.504212
1.500175
1.494669
1.507864
1.499703
1.507333
1.508353
1.524805
1.513676
1.512291
1.518436
1.507910
1.513903
1.512363
1.532302
1.528359
1.543005
1.543793
1.536696
1.546083
1.544356
1.547572
1.526782
1.550436
1.533676
1.508612
1.499255
1.499572
1.498109
1.486962
1.486841
1.490461
1.498797
1.483768
1.469599
1.480738
1.467980
1.470459
1.454269
1.458869
1.458082
1.483107
1.465869
1.469312
1.493749
1.493108
1.512612
1.514425
1.508087
1.531685
1.531818
1.523809
1.522533
1.544908
1.544879
1.567978
1.568242
1.591562
1.590781
1.590463
1.586164
1.580179
1.577152
1.582732
1.591988
1.587540
1.594985
1.602392
1.610743
1.607165
1.609514
1.617477
1.612349
1.630178
1.613652
1.617354
1.613265
1.617998
1.623253
1.614922
1.623290
1.621262
1.612126
1.593119
1.583117
1.579421
1.572413
1.558959
1.559269
1.556302
1.554239
1.566219
1.545150
1.542241
1.553490
1.548269
1.536417
1.531757
1.538052
1.542337
1.544471
1.550211
1.549314
1.576307
1.577823
1.570374
1.570928
1.550168
1.550254
1.557140
1.547937
1.549068
1.567773
1.545914
1.545107
1.558199
1.560400
1.565264
1.565661
1.566016
1.569014
1.589568
1.567127
1.546393
1.562123
1.546344
1.581095
1.571396
1.560316
1.547832
1.544250
1.526450
1.546540
1.542653
1.527815
1.540867
1.530711
1.529941
1.530304
1.527085
1.508775
1.516381
1.533951
1.520959
1.548696
1.541330
1.542068
1.540722
1.567568
1.567908
1.572514
1.554752
1.547033
1.571056
1.557520
1.553477
1.555980
1.528010
1.527645
1.534582
1.530662
1.529993
1.546725
1.526943
1.515661
1.541743
1.547216
1.535514
1.535112
1.533928
1.534363
1.555562
1.541608
1.511654
1.525137
1.513892
1.544315
1.531576
1.526826
1.529931
1.526622
1.518410
1.524068
1.542001
1.531424
1.537623
1.530916
1.550389
1.547667
1.549382
1.548873
1.535512
1.561244
1.543163
1.551820
1.550500
1.563938
1.563322
1.564190
1.552886
1.551809
1.546318
1.528209
1.530166
1.519804
1.521321
1.506011
1.524703
1.525035
1.514323
1.538629
1.529975
1.541938
1.538600
1.547361
1.540830
1.526653
1.520159
1.553658
1.532490
1.531750
1.538508
1.514188
1.530186
1.531004
1.508347
1.497179
1.503248
1.500376
1.489784
1.517395
1.507404
1.512020
1.494286
1.465196
1.484322
1.488642
1.467973
1.483087
1.482493
1.484083
1.510656
1.496371
1.470971
1.501249
1.493645
1.497873
1.482246
1.481659
1.476414
1.470287
1.460941
1.486205
1.515332
1.506040
1.506952
1.499629
1.511918
1.490543
1.490338
1.483265
1.474273
1.495927
1.467444
1.477772
1.466442
1.501750
1.502072
1.492547
1.503075
1.505131
1.485603
1.499094
1.499806
1.485044
1.512002
1.500815
1.524594
1.521208
1.517212
1.536825
1.530061
1.545066
1.542924
1.557737
1.541202
1.534969
1.529205
1.542348
1.547246
1.541945
1.527084
1.519532
1.529206
1.506210
1.518781
1.512758
1.520187
1.524897
1.517057
1.533363
1.525342
1.523146
1.509352
1.506627
1.513103
1.509532
1.502085
1.511179
1.498473
1.500246
1.509934
1.510215
1.518439
1.510501
1.499992
1.500844
1.512030
1.508144
1.513029
1.516026
1.513642
1.517836
1.513721
1.506016
1.511678
1.510945
1.501006
1.524534
1.521187
1.521126
1.521901
1.514064
1.528321
1.544401
1.540831
1.524421
1.525685
1.515255
1.532987
1.520716
1.513863
1.520937
1.525965
1.535572
1.542133
1.544266
1.544685
1.536035
1.530711
1.528231
1.536366
1.518428
1.536790
1.534751
1.538520
1.545785
1.531392
1.525012
1.542507
1.549778
1.547643
1.559278
1.550526
1.541447
1.551206
1.537691
1.553279
1.544776
1.542187
1.538492
1.556698
1.536163
1.510683
1.511424
1.500695
1.517585
1.518029
1.515390
1.519789
1.519052
1.506430
1.511862
1.522489
1.504097
1.530386
1.530377
1.557205
1.561480
1.561974
1.559170
1.549520
1.573615
1.551610
1.560976
1.560186
1.570388
1.570880
1.567499
1.544841
1.548443
1.542363
1.528301
1.542665
1.522644
1.527035
1.517123
1.517457
1.520581
1.507594
1.526574
1.529505
1.550050
1.544786
1.542656
1.529713
1.521445
1.513982
1.554890
1.560833
1.560698
1.570357
1.563095
1.568969
1.557940
1.548772
1.551343
1.551663
1.551293
1.542692
1.548815
1.551828
1.550623
1.540774
1.557550
1.558034
1.563751
1.550399
1.549810
1.536103
1.532893
1.527609
1.514426
1.527201
1.527885
1.534974
1.529904
1.548201
1.537490
1.531046
1.540400
1.548992
1.557709
1.538388
1.562787
1.551502
1.562619
1.557396
1.581916
1.561934
1.561152
1.570089
1.568691
1.582362
1.572909
1.596768
1.582803
1.613374
1.611690
1.596283
1.593441
1.605265
1.606224
1.588664
1.613401
1.593543
1.585831
1.570235
1.599653
1.602452
1.601104
1.590441
1.588792
1.593266
1.572317
1.562378
1.542983
1.547661
1.542586
1.534327
1.526433
1.517149
1.513471
1.491439
1.494752
1.498088
1.506495
1.503548
1.511298
1.513884
1.516939
1.512237
1.486444
1.491559
1.495411
1.508777
1.503019
1.521373
1.515651
1.509951
1.536418
1.528011
1.529253
1.520962
1.532153
1.527885
1.524772
1.516665
1.523040
1.506322
1.506951
1.524814
1.515307
1.527528
1.514832
1.535495
1.525215
1.557203
1.550433
1.534993
1.551134
1.553478
1.562682
1.549074
1.568150
1.562233
1.578710
1.572225
1.591292
1.612105
1.612105
1.618178
1.602034
1.609920
1.594046
1.602257
1.581137
1.596746
1.569050
1.558425
1.559313
1.573695
1.579192
1.561797
1.573015
1.560921
1.566903
1.562109
1.542588
1.554256
1.547458
1.552598
1.548606
1.555610
1.549261
1.566671
1.563890
1.597248
1.599959
1.598430
1.589237
1.590886
1.586772
1.558605
1.558089
1.555206
1.565519
1.564061
1.559532
1.544583
1.547791
1.541309
1.521973
1.530442
1.511987
1.530010
1.526051
1.547163
1.551002
1.544504
1.549851
1.570397
1.589842
1.591970
1.602414
1.594540
1.591257
1.580437
1.606346
1.593198
1.591100
1.599474
1.584548
1.592735
1.566880
1.556967
1.538249
1.553845
1.560179
1.550315
1.543204
1.563375
1.556588
1.539948
1.559049
1.562722
1.581331
1.565140
1.579608
1.598180
1.598749
1.599941
1.583432
1.594460
1.598473
1.608399
1.589980
1.596000
1.575714
1.564411
1.553876
1.575485
1.578684
1.553186
1.553767
1.532762
1.552309
1.542318
1.534617
1.528433
1.526021
1.531799
1.526819
1.530765
1.512383
1.525717
1.519888
1.560970
1.561579
1.550607
1.526494
1.533888
1.537822
1.534502
1.549552
1.543366
1.553931
1.546417
1.556594
1.568612
1.560751
1.556783
1.565162
1.575222
1.562466
1.561158
1.548801
1.558937
1.559479
1.563961
1.558350
1.566894
1.563388
1.555703
1.553647
1.555215
1.558345
1.565012
1.557468
1.574794
1.567091
1.558416
1.565657
1.567610
1.560624
1.555034
1.536417
1.542022
1.549566
1.542053
1.536420
1.550437
1.553436
1.557811
1.557567
1.554467
1.545645
1.535951
1.527549
1.544706
1.537855
1.527248
1.529254
1.539105
1.537238
1.549769
1.560430
1.556764
1.563618
1.551316
1.545002
1.545103
1.550263
1.554216
1.552164
1.553355
1.566716
1.565771
1.565155
1.577821
1.585698
1.587702
1.586287
1.584675
1.593552
1.585048
1.575698
1.570435
1.591389
1.602643
1.600963
1.590516
1.592147
1.600250
1.605304
1.611164
1.617933
1.618424
1.626840
1.624825
1.620418
1.632227
1.642160
1.614148
1.617624
1.624511
1.632097
1.620429
1.602898
1.615823
1.624147
1.613833
1.615716
1.609392
1.621457
1.619268
1.602331
1.591260
1.610590
1.613223
1.602539
1.595803
1.598839
1.597624
1.597645
1.605291
1.615078
1.639409
1.629162
1.620021
1.631624
1.648133
1.652617
1.615748
1.622265
1.638564
1.655457
1.640757
1.647184
1.663078
1.646650
1.666444
1.679827
1.684760
1.677985
1.682566
1.659997
1.666498
1.682531
1.677842
1.660012
1.662685
1.685226
1.687788
1.685340
1.652948
1.649135
1.649183
1.632817
1.659058
1.670387
1.647020
1.647172
1.646588
1.661618
1.669138
1.675467
1.659349
1.657677
1.674486
1.662476
1.663997
1.658711
1.659399
1.668255
1.672626
1.642096
1.646293
1.645278
1.637660
1.646258
1.651859
1.650722
1.637602
1.638465
1.643249
1.649382
1.667534
1.643685
1.656962
1.666394
1.657359
1.659432
1.652147
1.658666
1.679432
1.685280
1.676942
1.676098
1.700028
1.693636
1.698601
1.703076
1.705199
1.669860
1.677370
1.670146
1.681738
1.678442
1.664790
1.673502
1.677607
1.676975
1.684709
1.690969
1.685329
1.693704
1.687676
1.672940
1.680107
1.687110
1.693737
1.692455
1.721813
1.740255
1.732374
1.737863
1.736620
1.745003
1.757153
1.748410
1.771171
1.765843
1.767859
1.779830
1.782085
1.779287
1.774975
1.785887
1.775717
1.760451
1.764472
1.762463
1.751824
1.752235
1.764680
1.773306
1.778879
1.779890
1.781340
1.790492
1.790147
1.780053
1.786579
1.785512
1.810967
1.817519
1.814101
1.822213
1.835390
1.845074
1.853487
1.847190
1.868931
1.868817
1.899073
1.911553
1.920311
1.940145
1.942488
1.951195
1.981811
1.990362
2.015546
2.006856
2.023542
2.025815
2.043497
2.064815
2.074467
2.084097
2.101894
2.125559
2.128737
2.120571
2.128655
2.118460
2.130478
2.148154
2.175996
2.174021
2.168297
2.179232
2.203498
2.217621
2.225824
2.248671
2.227418
2.233798
2.241586
2.251188
2.241267
2.250264
2.252420
2.256303
2.286233
2.287254
2.297118
2.295389
2.309856
2.323561
2.319518
2.323319
2.315072
2.322885
2.315661
2.337368
2.336969
2.346197
2.355711
2.379861
2.390608
2.403287
2.408537
2.408773
2.418443
2.414562
2.423980
2.433240
2.440117
2.451904
2.461785
2.491140
2.512223
2.528626
2.543394
2.568266
2.575234
2.581948
2.571105
2.580737
2.595182
2.595755
2.610993
2.625525
2.640520
2.633988
2.649408
2.660696
2.676375
2.690674
2.691682
2.695763
2.703889
2.699017
2.709699
2.714042
2.728583
2.740217
2.746751
2.755194
2.779877
2.768796
2.784700
2.788853
2.802321
2.827789
2.837018
2.840688
2.842112
2.847558
2.862443
2.883263
2.905925
2.930022
2.940581
2.939414
2.951842
2.971570
2.971881
2.978287
2.993359
2.998380
3.022596
3.035846
3.031578
3.039132
3.043542
3.054975
3.062335
3.069588
3.068568
3.086250
3.076777
3.093926
3.100279
3.109383
3.115817
3.140376
3.124262
3.138181
3.131041
3.133053
3.144313
3.142941
3.162380
3.202707
3.213787
3.222875
3.226199
3.225009
3.226474
3.238542
3.231089
3.248468
3.267877
3.269186
3.263198
3.295333
3.317038
3.338101
3.346518
3.352087
3.367841
3.378356
3.341394
3.344755
3.353071
3.368268
3.383745
3.391244
3.392968
3.417269
3.416176
3.423451
3.433770
3.441321
3.447022
3.452807
3.468886
3.481034
3.487922
3.484589
3.485153
3.524327
3.514563
3.529088
3.533988
3.535292
3.542520
3.551051
3.558295
3.597614
3.595084
3.605989
3.648239
3.635279
3.634185
3.634709
3.635913
3.643267
3.656747
3.667466
3.673442
3.710243
3.711389
3.734961
3.774822
3.772154
3.774552
3.781137
3.773816
3.760509
3.768873
3.762210
3.792834
3.803969
3.815057
3.834245
3.847654
3.864262
3.875221
3.880677
3.896603
3.914774
3.912107
3.900237
3.935135
3.965177
3.989438
3.999799
4.035369
4.048132
4.040930
4.064061
4.080893
4.104066
4.131297
4.158650
4.177239
4.190821
4.202426
4.205960
4.213233
4.223607
4.236329
4.245552
4.255800
4.259627
4.271120
4.279940
4.280969
4.303897
4.324271
4.343891
4.336010
4.324054
4.314027
4.308660
4.316131
4.316520
4.338619
4.333020
4.340921
4.356633
4.369581
4.386807
4.418302
4.433325
4.451792
4.475256
4.483139
4.483949
4.495126
4.541304
4.539402
4.553147
4.572318
4.564280
4.585934
4.590991
4.623734
4.648713
4.643368
4.650195
4.654410
4.641801
4.645317
4.655647
4.660221
4.682707
4.694419
4.706036
4.700551
4.717818
4.737834
4.744442
4.774717
4.788451
4.795062
4.823161
4.828693
4.860149
4.883351
4.864639
4.871290
4.886873
4.887437
4.875707
4.891300
4.903611
4.909852
4.912961
4.940506
4.959838
4.996032
5.035338
5.064322
5.082882
5.079586
5.080216
5.091519
5.081245
5.103218
5.118353
5.131644
5.145359
5.185794
5.160861
5.193859
5.209788
5.221729
5.225949
5.235924
5.248626
5.242951
5.251371
5.266261
5.274431
5.297635
5.273505
5.310957
5.354445
5.378971
5.370227
5.380882
5.393533
5.445209
5.440846
5.446667
5.456405
5.491701
5.517296
5.499557
5.486829
5.453156
5.457985
5.496698
5.517524
5.558757
5.551292
5.550041
5.564061
5.611058
5.659926
5.696544
5.701704
5.716115
5.726408
5.730351
5.738709
5.726707
5.750160
5.780615
5.827176
5.841902
5.826141
5.820801
5.808473
5.835888
5.843224
5.852557
5.855316
5.830908
5.802319
5.798409
5.793692
5.830470
5.854788
5.842250
5.869229
5.880631
5.890267
5.894180
5.897462
5.909955
5.932002
5.933824
5.952219
5.965450
5.961665
5.971218
5.996496
6.033457
6.063994
6.082084
6.070982
6.070104
6.111455
6.104732
6.103938
6.120569
6.139065
6.156998
6.168066
6.174263
6.215164
6.180678
6.198842
6.218371
6.209100
6.205964
6.201214
6.199213
6.200486
6.214138
6.233906
6.215278
6.229632
6.237676
6.247136
6.245668
6.243360
6.244257
6.253614
6.236789
6.298767
6.301988
6.310291
6.345348
6.357077
6.395996
6.419540
6.448142
6.473865
6.494499
6.512908
6.499014
6.526622
6.531674
6.558675
6.572837
6.592186
6.604809
6.630828
6.601727
6.614897
6.624639
6.593796
6.615381
6.588172
6.594494
6.591209
6.583738
6.593189
6.572505
6.623622
6.632898
6.636759
6.646348
6.659525
6.671325
6.680795
6.702765
6.726014
6.738631
6.760340
6.805776
6.804726
6.831782
6.855892
6.873570
6.872360
6.878726
6.954775
6.961546
6.973203
6.999810
7.002953
7.009617
7.024371
7.049955
7.066421
7.079395
7.081518
7.088816
7.115083
7.129707
7.150799
7.144045
7.162850
7.179090
7.183923
7.190021
7.203425
7.214478
7.227555
7.243746
7.246686
7.255325
7.245106
7.254420
7.256056
7.275662
7.294432
7.287052
7.298112
7.302975
7.312216
7.319408
7.331947
7.347521
7.327295
7.290805
7.321358
7.319960
7.317285
7.353689
7.363820
7.389047
7.396797
7.406222
7.409643
7.415452
7.422037
7.430378
7.426706
7.434759
7.405446
7.417973
7.432042
7.415045
7.469201
7.462107
7.473253
7.477723
7.492906
7.498727
7.504208
7.491547
7.498743
7.511885
7.505784
7.506964
7.506190
7.530038
7.526402
7.569529
7.582063
7.588131
7.595730
7.586009
7.572145
7.566869
7.582742
7.562822
7.585975
7.579775
7.619181
7.618699
7.615678
7.625882
7.637096
7.652574
7.636101
7.649218
7.633915
7.639970
7.626470
7.658921
7.671783
7.679873
7.694541
7.700718
7.714901
7.696535
7.707653
7.665859
7.682743
7.704348
7.707288
7.710341
7.715762
7.748584
7.756689
7.774264
7.781975
7.794049
7.807223
7.835066
7.842770
7.849092
7.849314
7.875233
7.891033
7.897902
7.953551
7.958218
7.952622
7.983958
7.973409
7.980159
7.973842
7.997694
8.012850
8.018899
8.034498
8.041508
8.024108
8.043486
8.057918
8.062020
8.059535
8.070711
8.071851
8.064815
8.048673
8.056388
8.053959
8.079644
8.093250
8.101088
8.084057
8.104014
8.109428
8.116430
8.116345
8.121712
8.128748
8.138076
8.170643
8.160622
8.162767
8.170306
8.199551
8.238222
8.258093
8.248831
8.269372
8.296998
8.277584
8.288882
8.298205
8.303142
8.309028
8.321592
8.316072
8.317473
8.321885
8.285706
8.302147
8.309154
8.302140
8.302962
8.304202
8.320424
8.333409
8.335843
8.316034
8.335527
8.347335
8.335373
8.327102
8.337612
8.337088
8.383893
8.394871
8.407477
8.447559
8.452718
8.454685
8.487167
8.470377
8.499848
8.478954
8.488501
8.490064
8.504229
8.510564
8.502973
8.509870
8.531390
8.539084
8.546721
8.515705
8.525680
8.499071
8.497053
8.509716
8.498362
8.494780
8.505996
8.501818
8.511091
8.503067
8.509186
8.524318
8.548141
8.567243
8.575330
8.586297
8.604464
8.610656
8.602564
8.605296
8.625082
8.633051
8.651183
8.679311
8.682500
8.685580
8.679743
8.692428
8.716694
8.713049
8.710104
8.721744
8.718300
8.721586
8.724142
8.724159
8.754438
8.790390
8.803363
8.817995
8.847771
8.835766
8.846934
8.870866
8.893328
8.900153
8.888473
8.888599
8.910047
8.914170
8.935180
8.950414
8.961661
8.981969
9.002190
8.979596
8.982682
8.985992
9.011263
9.000517
9.021710
9.014891
9.014825
9.026166
9.042917
9.071746
9.086695
9.094634
9.121617
9.111262
9.131572
9.118867
9.112875
9.099198
9.111829
9.119752
9.127470
9.124338
9.130561
9.152464
9.172354
9.181417
9.193473
9.223714
9.238777
9.242502
9.244846
9.230959
9.244289
9.240792
9.276474
9.312070
9.301035
9.301908
9.303393
9.308095
9.307237
9.319197
9.287579
9.297379
9.328061
9.312398
9.289660
9.285003
9.288182
9.297040
9.304153
9.288983
9.298082
9.309902
9.258164
9.284682
9.300152
9.312677
9.327633
9.349333
9.352299
9.363585
9.359940
9.349381
9.327935
9.329861
9.332569
9.347244
9.361744
9.369828
9.386490
9.401892
9.390739
9.434994
9.431542
9.442130
9.446791
9.441458
9.434353
9.438341
9.449186
9.470995
9.461055
9.501653
9.529222
9.524490
9.516526
9.514116
9.496427
9.495778
9.489377
9.498800
9.515799
9.519301
9.521456
9.535126
9.553978
9.569358
9.584400
9.596618
9.595611
9.604389
9.603652
9.600207
9.628910
9.630582
9.637405
9.659513
9.666916
9.669142
9.658254
9.645877
9.676075
9.677871
9.671903
9.670800
9.670327
9.669779
9.673666
9.681284
9.698725
9.713869
9.727712
9.716608
9.737753
9.748516
9.773161
9.802553
9.823736
9.850080
9.858601
9.857025
9.865754
9.881560
9.891365
9.910148
9.932659
9.953553
9.960164
9.963839
9.964401
9.961299
9.980365
9.989681
9.994063
9.993056
9.984711
9.985531
9.991995
9.997479
10.001337
10.012721
10.035927
10.027821
10.020619
10.008059
10.001677
10.003977
10.006929
10.006310
9.990444
9.991554
9.994904
10.007127
10.013027
10.006776
10.005076
10.005870
10.002857
10.001715
10.010431
9.977507
9.985877
9.997304
10.025898
10.051403
10.049650
10.048006
10.084866
10.121628
10.125110
10.135205
10.127112
10.124644
10.140259
10.150834
10.160639
10.174660
10.185692
10.174570
10.199224
10.211341
10.212261
10.211028
10.197221
10.209410
10.218525
10.186094
10.184443
10.196974
10.196401
10.216253
10.225522
10.229756
10.237259
10.242902
10.248351
10.251952
10.269426
10.273124
10.290162
10.281267
10.275386
10.290436
10.317403
10.347753
10.382556
10.391205
10.392913
10.396913
10.383339
10.394212
10.406188
10.429104
10.460206
10.464185
10.482371
10.498517
10.518633
10.514783
10.536073
10.540022
10.543064
10.554769
10.526974
10.490684
10.464706
10.460472
10.482935
10.499802
10.499610
10.499044
10.489948
10.473138
10.473616
10.465290
10.445080
10.434723
10.447951
10.450492
10.440488
10.430219
10.412933
10.451355
10.503369
10.525221
10.548971
10.544673
10.546994
10.550689
10.547636
10.538210
10.536978
10.549308
10.564254
10.591031
10.600881
10.595136
10.603750
10.620948
10.642185
10.636361
10.614418
10.600598
10.609541
10.603038
10.596409
10.588934
10.586995
10.611699
10.623048
10.632787
10.663221
10.662366
10.660806
10.655881
10.686780
10.703399
10.709913
10.697921
10.686256
10.695773
10.700791
10.707081
10.711351
10.720134
10.736897
10.748757
10.719450
10.740313
10.741513
10.720233
10.734000
10.761954
10.768173
10.741811
10.749111
10.761502
10.771358
10.800366
10.824015
10.827492
10.819195
10.820463
10.820596
10.824135
10.827119
10.843202
10.835973
10.832653
10.821732
10.811931
10.790324
10.802138
10.817689
10.809784
10.801043
10.800504
10.790521
10.787451
10.792147
10.811626
10.832254
10.827826
10.799807
10.801071
10.831576
10.833026
10.838381
10.833726
10.850968
10.864365
10.859953
10.845250
10.830121
10.828670
10.832115
10.855272
10.847198
10.846200
10.844614
10.829027
10.846211
10.881752
10.885352
10.875348
10.874263
10.875757
10.908552
10.900129
10.873358
10.880500
10.897811
10.909455
10.917298
10.921493
10.911659
10.885927
10.912899
10.919895
10.910534
10.905643
10.914289
10.921607
10.923831
10.933882
10.947915
10.929083
10.942509
10.961210
10.961031
10.938525
10.940891
10.944011
10.946561
10.959406
10.974592
10.975556
10.979780
10.997691
11.020340
11.041926
11.020261
11.021401
10.999968
11.015310
11.043556
11.039693
11.038143
11.059651
11.090366
11.102503
11.120226
11.135290
11.138189
11.160081
11.144574
11.126797
11.154298
11.143341
11.113608
11.143862
11.147191
11.170341
11.163056
11.147669
11.150911
11.179940
11.170537
11.154112
11.163895
11.165610
11.166597
11.194975
11.224125
11.244453
11.274750
11.257365
11.257086
11.285625
11.287716
11.291073
11.295233
11.294386
11.305524
11.304307
11.287414
11.281844
11.308072
11.293764
11.308937
11.303632
11.251101
11.226296
11.209257
11.173626
11.201387
11.211808
11.203144
11.214759
11.215261
11.219000
11.229690
11.247099
11.266839
11.278051
11.292388
11.280900
11.304643
11.287567
11.274669
11.300806
11.307730
11.313715
11.344874
11.298108
11.303728
11.308845
11.303999
11.319077
11.325445
11.322459
11.322713
11.319688
11.327769
11.328576
11.337162
11.305521
11.320444
11.342692
11.345182
11.340171
11.340685
11.343459
11.387011
11.403286
11.406629
11.412352
11.403544
11.408343
11.404398
11.387039
11.373692
11.362522
11.357049
11.359577
11.399095
11.394163
11.395767
11.409147
11.413036
11.422994
11.423194
11.409319
11.379344
11.373897
11.394258
11.406226
11.398164
11.410825
11.425749
11.437067
11.444102
11.452442
11.463270
11.455345
11.473898
11.481871
11.503178
11.514683
11.524074
11.539422
11.524928
11.520582
11.534159
11.539797
11.540032
11.550273
11.564865
11.565938
11.584762
11.608082
11.627443
11.641057
11.659845
11.648128
11.649957
11.655303
11.655513
11.643975
11.642267
11.674073
11.712640
11.712863
11.698485
11.696327
11.699752
11.700310
11.704782
11.717317
11.702514
11.696193
11.689075
11.672980
11.664655
11.671662
11.661592
11.667804
11.664631
11.670060
11.661351
11.635614
11.625256
11.618097
11.639446
11.655129
11.647922
11.649256
11.644352
11.652628
11.664730
11.671789
11.689685
11.708544
11.713489
11.708183
11.682691
11.712327
11.710427
11.726921
11.743286
11.758426
11.769506
11.731893
11.727682
11.741636
11.752214
11.738820
11.743244
11.721718
11.723015
11.719653
11.722377
11.723992
11.730095
11.756781
11.762324
11.775632
11.790091
11.807161
11.830012
11.846526
11.896209
11.910793
11.908585
11.911466
11.934239
11.940903
11.961119
11.964792
11.946302
11.944954
11.972349
11.986842
11.999820
11.992970
11.993114
11.985156
11.973769
11.968026
11.953393
11.943924
11.950848
11.964302
11.970005
11.960437
11.944122
11.961124
11.964555
11.993405
11.985370
11.945012
11.908851
11.909001
11.918747
11.927022
11.924959
11.949664
11.941786
11.961166
11.960584
11.936792
11.916983
11.891390
11.910019
11.932098
11.923929
11.945071
11.940890
11.973101
11.994657
12.025146
12.021728
12.010812
12.033021
12.041827
12.021833
12.039984
12.035187
12.053197
12.068956
12.082269
12.114257
12.119144
12.122126
12.130378
12.141000
12.148569
12.128082
12.136030
12.149839
12.172774
12.192337
12.175464
12.184602
12.199224
12.198828
12.196453
12.196670
12.194414
12.204509
12.214624
12.199806
12.208620
12.228117
12.211202
12.209919
12.243501
12.245962
12.248746
12.261067
12.271042
12.288869
12.291763
12.310055
12.310752
12.329530
12.328902
12.348420
12.361868
12.350947
12.358527
12.374923
12.380523
12.386729
12.398704
12.400978
12.410110
12.415771
12.386683
12.383362
12.376447
12.385304
12.377036
12.400749
12.402978
12.406208
12.404607
12.414326
12.424193
12.438036
12.429429
12.413760
12.414922
12.420416
12.408325
12.399204
12.407203
12.421177
12.421470
12.407522
12.420758
12.434575
12.419041
12.414716
12.442133
12.444363
12.428935
12.433215
12.437714
12.419658
12.428020
12.447503
12.446081
12.443820
12.432578
12.428414
12.433280
12.440093
12.456754
12.435745
12.420183
12.398976
12.418626
12.398579
12.399775
12.411474
12.412043
12.412118
12.412918
12.407926
12.386735
12.382282
12.362463
12.404174
12.401365
12.400497
12.400867
12.422821
12.435304
12.456377
12.483855
12.476619
12.479214
12.510561
12.505991
12.488389
12.484018
12.499049
12.509208
12.531024
12.543044
12.578610
12.564852
12.576792
12.590223
12.568622
12.561158
12.548070
12.546280
12.561540
12.566119
12.565531
12.522179
12.544388
12.577787
12.583812
12.597719
12.623601
12.608053
12.615646
12.615382
12.620803
12.645945
12.650993
12.682437
12.697691
12.719882
12.725416
12.731078
12.734370
12.719608
12.772470
12.765315
12.764118
12.764712
12.765999
12.764961
12.773617
12.775813
12.796985
12.808678
12.783361
12.779177
12.766644
12.750433
12.741118
12.742234
12.747008
12.743509
12.765291
12.734326
12.723711
12.737445
12.740074
12.715867
12.699630
12.678318
12.675021
12.666710
12.651308
12.664696
12.682133
12.695962
12.672247
12.686975
12.680912
12.678746
12.680085
12.681734
12.694318
12.699776
12.694658
12.689458
12.727991
12.724683
12.773801
12.773933
12.772163
12.805596
12.791482
12.777447
12.797541
12.828781
12.822558
12.840408
12.830987
12.851791
12.844674
12.839238
12.848823
12.851362
12.868473
12.865981
12.882064
12.861071
12.873730
12.873244
12.853252
12.865171
12.872502
12.869115
12.874796
12.883737
12.898149
12.905401
12.916334
12.936781
12.949694
12.958357
12.952509
12.968825
12.976336
12.975861
12.992801
12.997103
13.018738
13.032284
13.039293
13.056081
13.048141
13.064555
13.069772
13.046721
13.069002
13.048861
13.059742
13.066231
13.064991
13.085439
13.074118
13.082054
13.083529
13.071890
13.086190
13.072807
13.084558
13.072277
13.065648
13.068044
13.073539
13.072623
13.081695
13.048442
13.060962
13.050574
13.053954
13.033183
13.027557
13.025969
13.023686
13.026912
13.033480
13.015549
13.026673
13.002855
13.016866
13.009628
13.008697
12.991918
13.011491
13.014060
13.026231
13.017524
13.019051
12.985282
13.005642
13.008807
13.011316
13.004762
13.015930
13.020956
13.031763
13.034414
13.047905
13.030526
13.043058
13.043757
13.046866
13.029293
13.042716
13.054196
13.058785
13.074480
13.103479
13.108005
13.108252
13.127032
13.109816
13.100569
13.102545
13.103674
13.094071
13.106581
13.132709
13.150143
13.161440
13.166379
13.190511
13.176323
13.175302
13.167677
13.166657
13.172719
13.167061
13.172360
13.141726
13.166889
13.182667
13.182434
13.185965
13.186521
13.188825
13.185887
13.182039
13.180405
13.192723
13.174124
13.179094
13.189682
13.197282
13.188094
13.189257
13.211947
13.206350
13.220916
13.214836
13.220298
13.208530
13.199856
13.204244
13.192989
13.186167
13.178990
13.178850
13.175448
13.173429
13.169971
13.167264
13.161868
13.165453
13.155940
13.144754
13.144119
13.137429
13.135275
13.119712
13.122491
13.126240
13.129159
13.122458
13.136257
13.132932
13.117226
13.109544
13.091495
13.097438
13.092596
13.100853
13.102422
13.119848
13.117409
13.108727
13.128160
13.134527
13.139174
13.145924
13.148918
13.167052
13.160567
13.149197
13.141630
13.173163
13.170992
13.171645
13.172399
13.166981
13.167350
13.176515
13.181148
13.176152
13.202312
13.191756
13.189592
13.188157
13.191383
13.197574
13.170348
13.187241
13.191762
13.218614
13.208119
13.204677
13.215649
13.220044
13.223617
13.229170
13.228484
13.203101
13.202233
13.191028
13.193198
13.177799
13.186395
13.181981
13.189782
13.187486
13.187744
13.200325
13.166712
13.168480
13.171303
13.188418
13.184654
13.177363
13.176484
13.185364
13.199716
13.201172
13.213160
13.204342
13.231997
13.217426
13.199063
13.186953
13.186933
13.186017
13.152367
13.161840
13.157744
13.166947
13.155821
13.144793
13.159440
13.157929
13.129968
13.124476
13.140606
13.104262
13.115654
13.104993
13.094084
13.123720
13.123929
13.133249
13.144518
13.156937
13.164956
13.177331
13.162479
13.163512
13.174554
13.183112
13.183247
13.171606
13.174039
13.161859
13.182081
13.180041
13.192544
13.199070
13.200346
13.199159
13.195353
13.189998
13.192736
13.192776
13.166959
13.171541
13.172519
13.177642
13.162344
13.160842
13.191973
13.189826
