-0.063173
0.279514
0.718834
0.823158
1.004789
1.579396
1.580645
1.846025
2.085636
2.209287
2.294285
2.566108
3.237347
3.734647
3.838972
4.168774
4.608094
4.673765
4.874723
5.454523
5.151739
4.790974
5.119528
5.274141
4.906934
5.338563
5.551156
5.306352
5.667116
6.040765
6.079418
5.989227
5.918363
5.892594
5.976343
5.886151
5.873267
5.808845
5.828172
6.137398
6.614122
6.575469
6.362876
6.407971
6.259800
6.034322
6.594795
6.742966
6.201820
6.356433
6.395087
6.285569
6.279127
5.950574
5.969900
6.292011
6.800946
6.182494
6.130956
5.944132
5.776634
5.744423
5.802403
5.654232
5.589810
5.267699
5.055105
5.422312
5.080874
4.565497
4.501075
4.726552
5.196834
5.119528
5.158181
5.042221
5.402985
5.660674
5.989227
6.137398
6.143840
6.246916
6.459509
6.427298
6.678544
6.414413
6.768735
7.322766
7.657761
8.121601
8.147370
8.347079
8.218234
8.115159
7.677088
7.883239
7.799490
7.464495
7.354977
7.181037
6.897580
6.478836
6.684987
6.691429
6.478836
6.491720
6.401529
6.530373
5.886152
6.053649
5.950574
6.163167
6.201820
6.143840
6.014996
5.924805
5.969900
5.737981
6.111629
6.742967
6.897580
7.264786
7.303440
7.773721
7.767279
7.213249
6.949118
7.464495
7.760837
7.561128
7.664204
7.586897
8.211792
8.501692
8.475923
8.437270
8.798034
8.482366
8.166697
8.424385
7.966988
7.638435
7.689973
7.354977
7.780164
7.825259
7.735068
7.116615
7.264786
6.826715
6.865369
6.414413
5.705769
5.712212
5.654232
5.957016
6.343549
6.176051
6.002111
5.873267
5.866825
5.583367
5.415870
5.609136
5.564041
5.467407
5.602694
5.216161
5.615578
5.692885
5.641347
5.802403
5.705769
5.982785
5.241930
5.293467
5.409427
5.647789
6.021438
6.156725
6.395087
6.549700
6.523931
6.517489
6.556142
6.491720
6.620564
6.272685
6.047207
6.111629
6.079418
6.053649
5.847498
6.208262
6.253358
6.034322
5.783076
5.396543
5.357890
5.132412
4.971356
4.803859
4.977799
4.816743
4.649246
4.836070
4.758763
4.990683
4.881165
5.119528
5.003568
4.887608
4.784532
4.443095
4.462421
4.520401
4.887608
5.145296
5.119528
5.377216
5.209719
5.222603
5.370774
5.937689
6.053649
6.659218
6.478836
6.826715
6.807389
6.627007
6.691429
6.730082
7.174595
7.200364
7.387188
6.949117
6.684987
7.065077
6.800946
6.717198
6.317780
6.324222
5.995669
5.750865
5.338563
5.602694
5.841056
5.538272
5.802403
6.208262
6.111629
6.292011
6.427298
6.375760
6.581911
6.813831
6.472393
6.601238
6.601238
6.556142
6.723640
6.594796
6.659218
6.652776
6.652776
5.995669
6.182494
6.517489
6.234031
6.813831
6.485278
6.279127
6.279127
6.343549
6.176051
6.214705
6.072976
6.002111
6.324222
5.853940
5.815287
5.325679
5.241930
5.010010
5.183950
5.686443
5.564041
5.976343
5.660674
5.448081
5.570483
5.512503
5.525387
5.860383
5.731538
5.853940
6.324222
6.040765
6.092303
6.420856
6.839600
6.891138
6.858926
7.071520
6.536816
6.749409
6.227589
5.886151
5.795960
6.060091
6.433740
6.440182
5.609136
6.105187
6.079418
5.911920
6.453067
6.234031
5.976343
6.420856
6.511047
6.420856
6.221147
6.472393
6.118071
6.478836
6.562585
7.000655
7.045751
6.511047
6.491720
7.135942
7.090846
7.535359
7.483822
7.007098
7.206806
7.432284
6.807389
6.968444
6.923349
7.367862
7.335651
7.213248
6.755851
6.968444
6.659218
6.562584
6.491720
6.485278
6.504604
6.085860
6.092302
6.234031
6.562584
6.987771
7.077962
7.438726
7.296997
7.863912
7.135942
7.419399
7.554686
7.902566
8.108717
8.334194
8.147370
8.495250
8.314868
7.728626
7.857470
7.541802
7.644877
7.606224
7.161711
7.206806
7.219691
7.232575
6.569027
7.135942
7.039309
7.342093
7.123057
6.736524
6.968444
7.290555
7.496706
7.786606
8.411501
8.224677
8.250446
8.024968
8.121601
8.295541
8.147370
8.211792
8.160255
8.282657
8.166697
7.941219
7.883239
8.076506
8.024968
7.870355
7.425842
7.232575
7.200364
6.936233
7.348535
7.741510
7.548244
7.239017
7.077962
6.646333
6.601238
6.768735
7.039309
7.232575
7.419399
7.303439
6.723640
6.800946
6.601238
6.742967
6.652775
6.556142
6.949118
6.504604
6.240474
6.362876
6.575469
6.768735
7.271228
7.039308
7.342093
7.541802
7.239017
6.923349
6.485278
6.736524
6.672102
6.511047
6.904022
7.277671
7.393631
6.949118
6.955560
6.652775
6.781620
6.401529
6.246916
6.485278
6.523931
6.240474
5.866825
6.085860
6.092303
6.420856
6.246916
6.156725
6.188936
5.763749
5.783076
6.021438
6.221147
6.130956
6.195378
6.536816
6.955560
7.445168
7.129500
6.820273
6.742967
6.820273
6.478836
6.710755
6.684987
6.775178
7.329208
7.052193
6.981329
6.382202
5.866825
5.654232
5.795961
6.137398
5.789518
6.027880
5.686443
5.667116
5.628463
5.570483
5.622021
5.976343
5.976343
6.060091
6.498162
5.931247
6.182494
6.292011
6.388644
6.659218
6.665660
7.045751
6.736524
6.710755
6.407971
6.221147
6.182493
6.543258
6.749409
6.929791
6.511047
6.092302
6.407971
6.188936
6.433740
6.607680
6.788062
7.084404
6.942675
7.039308
6.627007
6.665660
6.536815
6.511047
6.627007
6.594795
6.369318
6.459509
6.298453
6.768735
6.865369
6.936233
7.135942
7.200364
7.000655
6.807389
6.659218
6.652775
6.478836
6.330665
6.188936
6.163167
5.821729
5.667116
5.641347
5.467407
4.752321
4.765206
4.475306
4.533286
4.050119
4.095215
3.953486
4.056562
3.908391
3.682913
3.586280
3.605606
4.088773
4.005024
4.352904
4.681457
4.932703
4.977799
5.467407
6.066534
5.667116
5.995669
6.478836
6.742967
6.453067
6.601238
6.807389
7.148826
7.071520
7.271228
7.574013
7.664204
7.928335
7.625550
7.438726
7.380746
7.496706
7.612666
7.561128
8.256888
8.115159
7.760837
7.574013
7.799490
7.548244
7.438726
7.509590
7.696415
7.631993
7.541801
7.277671
7.187479
7.271228
7.168153
7.264786
7.251902
6.588353
6.833158
6.614122
6.897580
6.936233
6.807389
6.594795
6.723640
6.717198
6.343549
6.652775
6.826715
6.865369
6.684987
6.575469
6.349991
6.691429
6.395087
6.401529
6.878253
6.369318
6.311338
6.111629
6.453067
6.227589
6.395087
6.375760
6.652775
6.788062
6.298453
6.317780
6.047207
6.562584
6.485278
6.420856
6.227589
6.330665
6.118071
6.292011
6.672102
6.601238
6.407971
6.053649
6.072976
5.918363
6.214705
5.892594
5.602694
5.834614
5.641347
5.789518
5.647789
5.770192
5.718654
6.053649
5.680001
5.873267
5.673558
5.776634
5.899036
5.944131
5.995669
6.549700
6.871811
6.820273
6.800946
6.949117
6.929791
6.987771
7.103731
6.781620
6.852484
7.432284
6.884695
7.213248
6.878253
6.878253
6.440182
6.453067
6.504604
6.491720
6.182494
5.944131
5.680000
5.370774
5.680001
5.892594
6.047207
5.950574
6.523931
6.523931
6.433740
6.865369
6.878253
7.032866
7.271228
7.574013
7.058635
7.065077
7.290555
7.123057
6.904022
7.065077
7.129500
6.575469
6.214705
5.815287
5.712212
5.370774
5.267699
4.868281
4.990683
5.345005
5.222603
5.016452
4.720110
5.454523
5.113085
4.836070
5.209719
5.145296
4.952030
5.325679
5.473850
5.570483
6.085860
6.105187
6.195378
6.163167
6.601238
6.143840
5.795960
5.937689
5.795960
5.686443
5.113085
5.196834
4.842512
4.539728
4.990683
5.357890
5.132412
5.332121
5.248372
4.829628
5.003568
4.848954
5.351447
5.119528
5.306352
5.853940
5.783076
5.834614
6.066534
6.581911
6.678544
6.968444
6.904022
6.755851
6.813831
6.794504
6.813831
7.168153
7.284113
7.129500
7.071520
6.717198
6.433740
6.523931
6.053649
6.420856
6.234031
6.060091
5.770192
5.473850
5.634905
5.596252
5.357890
5.048663
4.971357
5.016452
4.629919
4.546170
4.501075
4.629919
4.675014
4.881165
5.100201
5.125970
4.874723
5.261256
5.744423
5.673558
6.060091
6.130956
6.285569
6.085860
6.047207
6.285569
6.569027
6.775178
6.820273
6.672102
6.569027
6.440182
6.646333
6.240473
6.440182
6.562584
6.118071
5.815287
5.853940
5.622021
5.319236
5.299910
5.460965
5.654232
5.538272
4.964914
4.771648
4.578381
4.778090
4.758763
4.707226
4.359346
4.288481
4.282039
3.934159
3.721566
3.605606
3.644260
3.515415
3.354360
3.264169
3.154651
3.219073
3.251284
3.586280
3.908391
3.785988
3.760220
3.547626
3.579838
3.631375
3.586280
3.412340
3.959928
4.520401
4.063004
4.153195
4.410884
4.848954
5.235488
5.551156
5.132412
5.119528
5.067990
4.700783
5.274141
5.377216
5.544714
5.415870
5.609136
6.124514
6.060091
5.783076
5.183950
5.750865
5.332121
5.145296
4.971357
4.958472
4.417326
4.385115
4.539728
4.365788
4.610592
4.166079
3.979255
4.120984
4.204733
4.024351
3.734451
3.554069
3.341475
4.108099
4.030793
4.249828
4.629919
4.378673
3.908391
4.546170
4.610592
4.559055
4.359346
4.365788
4.269155
4.217617
4.133868
3.734451
3.444551
3.541184
3.631375
3.676471
3.624933
3.457435
3.476762
3.064460
3.212631
3.412340
3.322149
3.193305
2.748792
2.768118
2.677927
2.684369
2.832540
2.381585
2.613505
2.774560
2.413796
2.639274
2.613505
2.607063
2.523314
2.742349
2.884078
2.703696
2.729465
2.239856
2.697254
3.206189
3.251284
3.199747
3.798873
3.566953
3.934160
4.101657
4.359346
4.404441
4.269155
4.166079
3.979255
3.921275
3.869737
3.831084
4.017908
4.178964
4.507517
4.069446
3.843968
3.824642
3.959928
3.470320
3.128882
3.135325
3.038691
2.819656
2.832540
2.838983
3.212631
2.935616
3.109556
2.974269
2.639274
2.723023
2.961385
2.819656
2.748792
2.974269
3.006480
3.083787
3.212631
3.547626
3.463878
3.315707
3.663586
3.676471
3.560511
3.773104
3.618491
3.663586
3.811757
4.017908
4.146753
3.740893
3.541184
3.837526
3.876180
4.275597
4.005024
4.056562
4.559055
4.675015
5.080874
4.365788
4.610592
4.539728
4.191848
4.881166
5.080874
4.707226
4.707226
4.365788
4.597708
5.035779
4.778090
4.636361
4.269155
4.352904
4.559055
4.262713
4.095215
3.972813
4.662130
4.391557
4.958472
4.816743
4.436652
4.217617
4.166079
4.146753
4.088773
4.095215
4.011466
4.533286
4.159637
4.823186
4.681457
4.475306
4.655688
4.894050
4.810301
4.707226
4.932703
4.391557
4.642803
4.546170
4.681457
5.248372
5.634905
6.279127
6.266242
6.517489
6.014996
6.433740
6.143840
6.279127
6.266242
6.201820
6.195378
6.298453
6.259800
5.995669
6.240473
6.433740
6.646333
6.498162
6.472393
6.266242
6.014996
5.879709
5.473850
5.757307
5.705769
5.783076
5.847498
5.628463
5.557598
5.686443
5.937689
5.950574
6.105187
6.118071
6.137398
6.272685
6.826715
6.942675
7.232575
7.219691
7.193922
7.606224
7.793048
7.934777
7.863912
7.883239
8.031410
8.392174
8.546788
8.521019
8.694959
8.862456
8.849572
8.598325
8.926878
8.798034
8.173139
8.244003
8.392174
8.939763
8.759381
8.765823
8.443712
8.314868
8.108717
8.810919
8.965532
8.875341
8.785150
9.197452
9.087934
9.551774
9.590427
9.062165
9.184567
9.719271
9.848116
10.144458
10.131574
10.447242
10.556760
10.820891
10.891755
11.394248
11.110791
10.672720
10.698489
11.039926
10.730700
10.988388
11.181655
11.703475
12.128661
12.044912
12.418561
12.238179
11.832319
11.825877
11.735686
12.064239
12.534521
12.528079
12.354139
12.766441
13.056341
13.172301
12.985476
13.301145
13.545949
13.120763
13.017687
12.830863
12.927496
12.347697
12.489425
13.140090
13.133647
13.378452
13.017687
12.721345
12.959707
13.294703
13.101436
13.417105
13.243165
13.397778
13.384894
13.384894
13.417105
13.062783
13.004803
13.004803
13.571718
13.694120
13.088552
13.346241
13.256050
13.475085
13.700563
13.848734
13.887387
13.739216
13.352683
13.719889
13.629698
13.191627
13.552392
14.054885
14.157960
14.396322
14.370553
14.119307
14.003347
14.029116
13.578160
13.726332
13.558834
13.281818
13.661909
13.810080
14.029116
14.183729
14.344785
14.750644
15.059871
14.428533
14.364111
14.699107
14.525167
14.486513
14.415649
14.576705
14.866604
15.008333
14.699107
15.130735
15.414193
14.969680
14.853720
14.531609
14.505840
14.190171
14.054885
14.499398
15.092082
14.911700
14.821509
14.718433
14.827951
14.911700
14.847278
14.769971
15.008333
15.607460
15.781400
15.807168
15.884475
15.800726
16.193702
16.470717
16.638215
16.567350
16.361199
16.174375
15.987551
15.910244
16.721964
17.230899
17.417723
17.823583
18.396941
18.119925
17.784930
17.636759
17.630317
17.797814
17.881563
17.533683
17.636759
17.668970
17.720508
17.681854
17.591663
18.003965
18.042619
17.462819
17.469261
17.862237
17.952428
17.759161
18.036176
18.248770
18.248770
18.796358
18.770590
18.989625
19.382600
19.247314
19.479234
19.569425
19.614520
19.769134
19.820671
19.962400
20.232973
19.885094
19.910862
19.904420
19.724038
19.936631
19.968842
20.065476
19.556540
19.685385
20.162109
20.200762
20.671045
20.870753
20.993156
20.838542
20.922291
21.192864
21.218633
21.334593
21.521418
21.308824
21.064020
20.948060
20.729025
20.948060
20.877196
21.192864
21.476322
21.051136
21.192864
20.999598
21.012482
21.476322
22.262273
22.204293
21.824202
21.895066
21.985258
21.946604
21.630935
21.734011
21.895066
21.856413
21.746895
21.676031
21.624493
21.006040
21.025367
20.754793
20.400471
19.943074
19.588752
19.086258
19.324620
19.530771
19.530771
19.517887
19.575867
20.426240
20.284511
20.529316
20.844984
20.774120
21.012482
20.960944
21.708242
21.953046
22.152755
22.217177
22.436213
22.365349
22.526404
22.584384
22.719671
22.880726
22.816304
23.022455
22.816304
23.080435
23.254375
23.254375
23.518506
23.602255
24.175613
23.969461
24.001673
24.143401
24.336668
24.935795
25.064639
24.774739
24.465513
24.040326
24.162728
24.207824
24.078979
24.214266
24.600799
24.645895
24.948679
25.058197
25.283675
25.303001
24.980890
24.884257
25.354539
25.670208
25.270790
25.476941
25.637997
26.069626
26.688079
26.469043
26.688079
27.042401
26.907114
26.849134
26.726732
26.475486
26.488370
26.275777
25.927897
26.810481
26.778270
26.353083
26.108279
26.456159
26.726732
27.093939
27.383839
27.177688
27.190572
27.589990
27.422492
27.403165
27.222783
27.274321
27.635085
27.370954
27.641528
27.667297
27.023074
27.087497
27.461145
27.448261
27.184130
26.842692
26.481928
26.082510
25.766841
25.902128
25.715303
26.185586
26.372410
26.642983
26.591446
26.340199
26.952210
27.145477
27.126150
27.841237
28.144021
28.214886
28.524112
28.556323
28.646514
28.756032
29.110354
29.818999
30.315050
30.527643
29.960728
29.883421
30.237743
30.347261
30.662930
30.450336
30.115341
30.791774
30.733794
30.939945
30.785332
31.017252
31.004368
31.081674
31.442439
31.642148
31.886952
31.513303
31.062348
31.345805
31.738781
31.120328
31.526188
31.854741
31.906279
32.093103
31.854741
31.642148
31.442439
31.706570
31.564841
31.912721
32.176852
32.022239
31.990028
31.648590
32.318581
32.627808
32.717999
32.782421
32.988572
32.937034
33.098090
33.323568
33.813177
33.851830
33.858272
34.006443
33.961348
34.302785
34.657108
34.753741
35.378637
35.513923
35.765170
35.559019
36.074397
36.203241
35.591230
35.803823
35.623441
35.236908
35.520366
35.172486
35.185370
35.546134
35.681421
35.559019
35.533250
35.198254
35.436617
35.211139
35.095179
35.262677
35.378637
35.146717
34.882585
35.204697
35.262677
35.301330
34.895470
34.547590
34.650665
35.249792
35.436617
35.436617
35.584788
35.501039
36.035743
35.674979
35.629883
35.604115
35.584788
35.604115
35.475270
36.035743
36.460930
36.899001
37.163132
38.052159
37.775144
37.652741
36.905444
36.544679
36.493141
36.596217
36.757272
36.641312
37.233997
37.420821
37.343515
37.285535
36.950539
37.105152
36.989192
36.757272
36.544679
36.725061
36.235452
37.021404
37.279092
37.710721
37.871777
38.129466
38.451577
38.438693
38.477346
38.032833
38.000621
38.606190
38.715708
39.347046
39.250413
39.115126
39.140895
39.392142
39.843097
40.049249
39.836655
40.229631
40.184535
40.029922
39.997711
39.379257
39.501660
39.546755
39.862424
39.926846
39.901077
39.991269
40.004153
40.435782
41.099331
41.518076
41.337693
41.266829
41.492307
41.698458
41.131542
41.382789
41.582498
41.621151
42.278258
42.316911
42.387776
42.374891
42.194509
41.807976
41.917493
41.679131
41.627593
41.634036
41.382789
41.337693
40.854526
41.189522
41.118658
41.743553
41.627593
41.969031
42.046338
41.949705
42.001242
41.846629
41.788649
42.039896
42.001242
41.911051
42.439314
42.600369
42.123645
42.516620
42.664791
42.941807
42.903154
43.057767
42.722771
42.626138
42.742098
42.606811
42.503736
42.523063
42.922480
42.967576
43.147958
43.682663
43.605356
43.502281
43.676221
43.830834
43.856603
43.747085
43.740643
43.856603
43.875930
43.869487
43.895256
43.315456
43.450743
43.676221
44.043427
43.701990
44.288232
44.429961
44.487941
44.636112
44.314001
44.159388
44.140061
43.953236
44.687650
44.880917
44.533037
44.281790
44.887359
45.177259
45.608888
46.021190
46.491473
46.285322
46.388397
46.195131
46.098497
45.988979
46.272437
46.652528
46.852237
46.961755
47.103484
47.064831
47.135695
46.948871
46.916660
46.285322
46.394839
46.684740
46.562337
46.059844
45.911673
46.092055
45.995421
46.227342
46.497915
46.439935
46.549453
46.568780
46.845795
47.058389
46.910217
46.652528
47.122811
47.618862
47.895878
47.953858
48.114913
47.882993
48.140682
48.591638
48.668945
48.752694
49.061921
49.042594
49.042594
48.913749
49.248745
49.499992
49.635279
49.557972
50.195752
50.028254
49.777008
50.066908
49.963832
49.725470
50.086234
50.092677
50.427672
50.124888
50.350366
50.060466
49.764123
49.834988
50.086234
49.834988
49.719028
49.506434
49.654605
49.693259
49.751239
50.208637
50.266617
50.227963
50.073350
50.047581
50.247290
50.195752
50.453441
50.479210
50.434115
50.672477
50.653150
50.343923
50.324597
50.530748
50.917282
51.252277
51.207182
51.426217
51.278046
51.149202
51.819193
52.199284
52.456973
52.411878
52.308802
52.701778
53.043216
53.410423
53.468403
53.500614
53.629459
53.597247
53.526383
53.249367
52.759758
52.605145
52.882160
52.959467
53.204272
53.094754
53.043216
53.056100
52.933698
52.991678
52.824180
52.489185
52.379667
52.341013
52.605145
52.527838
52.798411
52.824180
53.146292
53.281578
53.655227
53.358885
53.230041
53.635901
53.449076
53.333116
53.146292
53.809841
53.829168
54.209259
54.157721
54.460506
54.621561
54.286566
54.679542
54.647330
54.640888
54.460506
54.756848
54.731079
54.898577
55.233573
55.207804
55.446166
55.632991
56.077505
55.484820
55.594338
55.220688
55.201362
55.194920
55.562126
55.967987
55.929333
56.335194
56.438269
56.766823
56.715285
56.914994
57.101819
57.372392
57.423930
57.314412
57.630081
57.288643
57.868444
57.977961
58.409591
58.609300
58.428917
58.416033
58.480455
58.712375
58.731702
58.796124
58.776797
58.866989
58.622184
58.480455
58.480455
58.486897
58.918526
58.989391
59.524096
59.723805
59.762458
59.775343
60.007263
60.252067
60.116781
60.232741
60.599948
60.445334
60.464661
60.174761
60.071685
60.303605
60.638601
60.670812
60.548410
60.103896
60.129665
59.775343
59.337271
59.479000
59.363040
59.124678
59.092467
59.247080
59.195542
58.712375
58.738144
58.957180
59.285733
59.343713
58.873431
58.583531
58.886315
59.240638
59.466116
59.156889
59.511211
59.485443
59.685152
60.033032
60.509757
60.599948
60.638601
60.876964
61.321477
61.102442
61.308593
61.553398
61.856182
62.004353
61.952816
61.836856
61.888393
61.688684
62.107429
61.952816
62.358676
61.965700
61.959258
62.210505
62.384445
62.429540
62.442425
62.287811
62.667903
62.307138
61.965700
62.139640
62.725883
62.867612
62.345791
61.714453
62.043007
61.830413
61.959258
61.643589
61.669358
61.733780
61.308593
60.825426
60.773888
61.038019
61.095999
61.025135
61.360131
61.695126
61.347246
61.141095
61.476091
61.637146
61.688684
61.791760
61.798202
62.320023
62.281369
62.564827
62.758094
63.163954
63.486066
63.679333
63.859715
63.647122
63.473181
63.614910
63.653564
64.143173
64.098078
64.072309
64.329998
64.291344
64.181826
64.697205
64.214038
64.677878
64.607013
64.123846
64.259133
64.523264
64.729416
64.407304
64.787396
65.186814
64.993547
64.954894
64.993547
65.012874
64.954894
65.257678
65.889017
66.224013
65.992092
66.043630
65.831037
65.715077
66.275550
65.747288
65.708634
65.431619
65.180372
64.954894
64.922683
65.425176
65.289890
64.774511
65.064412
65.296332
65.128834
64.980663
64.999989
64.961336
65.064412
65.109507
65.528252
65.457387
66.075841
65.708634
65.908344
66.198244
66.320646
66.178917
66.133821
66.642757
66.990638
66.990638
67.061502
67.222558
67.203231
67.216116
67.241885
67.061502
67.312749
67.280538
67.009964
66.919773
67.383614
67.499574
67.609092
67.976299
68.008510
67.634861
67.454478
67.435151
67.583323
67.435151
67.673514
67.493132
67.280538
67.235442
67.538227
67.035733
67.016407
67.370729
66.674969
66.700738
66.565451
66.301319
65.856806
65.927670
66.307762
66.269108
66.224013
66.513913
66.848909
66.372184
66.778044
67.280538
67.370729
67.621976
68.401486
68.150239
67.802359
68.530330
68.562542
68.961960
69.322725
69.805892
69.870314
69.786565
70.185983
70.179541
69.702816
69.367820
69.573971
69.573971
68.813789
69.135900
68.717155
68.575426
68.897537
69.284071
69.123015
69.245418
69.129458
68.820231
68.543215
68.742924
68.891095
68.395044
68.742924
68.820231
68.910422
69.187438
69.599740
69.683489
69.342051
69.793007
69.322725
69.219649
68.852442
69.019940
69.135900
68.813789
68.987729
69.180996
69.200322
68.884653
69.193880
69.007055
68.852442
68.820231
68.568984
68.105143
68.395044
68.865326
68.208219
68.633406
68.717155
68.955517
68.652733
68.324179
68.749366
68.626964
68.639848
68.343506
68.382159
68.259757
68.182450
68.420812
68.575426
68.337063
68.246872
68.118028
67.737936
68.130912
68.040721
67.718610
67.918319
68.266199
68.420812
68.298410
68.620522
68.504561
68.594753
69.174553
69.374262
69.586856
69.561087
69.741469
70.289059
70.508095
71.068569
71.345584
71.255393
71.236067
71.918943
71.809425
71.564620
71.641927
71.467987
71.242509
71.139433
71.126549
70.727130
70.984820
70.649824
70.682035
70.237521
70.289059
70.572517
70.185983
70.411461
70.617613
70.707804
70.250406
70.366366
70.301943
70.334155
70.443672
70.643381
70.939724
70.933282
70.868859
70.321270
70.334154
70.250405
70.417903
70.398577
70.456557
70.340597
70.353481
70.334154
70.173099
70.469441
70.095792
70.063581
70.018485
69.915410
70.205310
69.941179
69.896083
70.301943
70.920397
71.294047
71.455102
72.112210
71.899616
71.770772
72.485859
72.208843
72.150863
72.878835
73.246042
73.284696
73.516616
73.825843
74.296126
74.424970
75.262460
75.481496
74.940349
74.895253
75.198038
75.275344
75.152942
75.114289
75.326882
75.036982
75.094962
75.526591
75.243133
75.049866
75.088520
75.352651
75.036982
74.901695
75.049866
74.727755
75.043424
75.404189
75.152942
74.779293
74.908137
74.927464
74.921022
74.624679
74.476508
74.598910
74.251030
74.051321
73.961129
74.347663
74.412086
74.753524
74.534488
74.031994
73.812958
73.832285
73.903149
74.025552
73.974014
73.716325
73.349118
73.574596
73.800074
73.709883
73.761420
74.225261
74.115743
73.825843
74.135070
74.019110
73.748536
74.025552
74.167281
74.135070
74.341221
74.276799
74.031994
74.025552
74.122185
74.135070
73.999783
73.761420
74.019110
73.845169
73.458636
73.858054
74.457181
74.450739
74.392759
74.734197
74.837273
75.043424
74.946791
74.843715
74.650448
75.036982
75.165826
75.275344
75.442842
75.397747
75.210922
75.165826
75.571687
75.513707
75.700532
75.133615
74.875926
74.830831
74.482950
74.605352
74.669775
74.644006
74.560257
74.714870
74.521603
74.534488
74.933906
74.817946
75.043424
75.468611
75.513707
75.487938
75.719858
75.281787
75.494380
75.648994
75.868029
75.971105
75.520149
75.268902
75.887356
76.357639
76.473599
76.776384
77.053400
76.641097
76.866575
77.034073
77.175802
77.259551
76.969651
76.943882
77.343300
77.343300
77.162918
77.446376
77.375511
77.439934
77.658969
77.214456
76.615328
76.943882
76.248121
75.938894
75.764954
76.074181
75.732743
75.513707
75.951779
75.971105
76.048412
75.642552
75.900241
76.022643
75.500823
75.468611
76.067739
75.964663
75.868030
76.183699
76.357639
76.641097
76.898786
76.988978
76.802153
77.053400
77.201571
76.834364
76.995420
77.362627
77.948870
77.948870
77.755603
77.955312
78.103483
78.103483
78.502902
78.747706
78.721938
78.135695
78.483575
78.554439
78.773475
78.786360
78.818571
78.747706
78.979627
78.857224
78.586651
78.631746
78.973184
79.391929
79.411256
79.855770
79.598081
79.140682
79.217989
79.147125
79.237316
79.404814
79.681830
79.830001
79.875097
79.875097
79.759137
79.636734
79.823559
80.164997
80.403360
79.733368
79.836443
80.145670
80.029710
79.978172
80.319611
80.532204
80.583742
80.834989
81.079794
81.021814
81.176427
81.073352
81.221523
81.215081
81.414790
81.227965
80.963834
80.467782
80.815662
80.661049
80.371148
80.332495
80.448455
80.454897
80.055479
80.119901
80.074806
79.314623
79.366160
79.166451
79.050491
78.889435
79.024722
78.863666
79.160009
79.179336
79.353276
79.108471
79.069818
79.018280
78.966742
79.114913
78.960300
79.172894
79.024722
79.018280
79.366160
79.237316
79.449909
79.321065
79.662503
80.145670
80.280957
80.313168
80.519320
80.274515
80.719029
80.731913
81.105563
80.854316
80.777009
80.725471
81.060467
81.640268
81.614499
81.530750
81.666037
81.807766
82.419778
82.207184
81.833535
81.936611
81.904399
81.511423
82.020360
81.943053
81.981706
81.839977
82.406893
82.116993
82.503527
82.587276
82.226511
82.129877
82.155646
82.046128
82.245838
82.458431
82.394009
82.658140
82.838523
82.587276
83.147750
82.877176
82.877176
83.257268
83.199288
82.890061
83.134866
83.051117
83.051117
83.076886
83.360344
83.721109
83.843511
83.424766
83.186403
83.508515
83.295921
83.624475
84.101200
84.255814
84.461965
84.159180
84.230045
84.358890
84.558599
84.796961
84.751866
84.558599
84.629463
84.623021
84.288025
84.494176
84.642348
84.513503
84.300909
84.197834
83.830627
83.701782
83.173519
82.857850
83.018905
82.960925
83.115539
83.225057
83.134865
83.205730
82.960925
82.883618
82.613045
82.735447
82.381124
82.252280
82.110551
81.923726
82.381124
81.839977
81.891515
81.988148
81.981706
82.059013
81.614499
81.260176
81.131332
81.034698
81.176427
81.807766
81.859304
81.955937
82.091224
82.232953
82.600160
82.664583
83.089770
83.179961
83.721109
83.888607
84.146296
83.972356
84.139854
83.991682
84.255814
84.507061
84.687443
84.436196
84.049662
84.036778
84.629463
84.777635
84.983786
84.571483
85.015997
85.144842
84.854941
85.035324
84.655232
84.616579
84.983786
84.816288
85.215706
85.164168
85.344551
85.563587
85.743969
86.078965
86.143388
85.872814
85.801949
85.544260
85.737527
85.228591
84.977344
85.428300
85.441184
85.731085
85.847045
86.291559
87.135491
87.386738
87.921444
87.689523
87.335201
87.174145
87.141934
87.264336
87.174145
87.393181
87.773272
87.915001
87.998750
88.146922
88.256440
88.217786
88.443264
88.398169
88.101826
87.586447
87.708850
87.580005
87.695965
87.979424
88.134037
88.050288
88.127595
88.269324
88.082499
88.108268
87.921444
88.166248
88.288651
87.850579
87.940770
88.101826
88.043846
87.695965
87.586447
87.464045
86.922898
86.910013
86.703862
86.639439
86.182041
85.692431
85.917910
85.950121
85.963005
85.769738
85.769738
85.769738
85.486280
85.286571
84.951575
84.700328
85.312340
85.628009
85.325224
85.685989
85.505607
85.589356
85.621567
85.853487
86.523479
86.027427
86.182041
86.259348
86.961551
86.768284
86.761842
86.806937
86.587902
86.626555
87.309432
87.367412
87.077511
87.509141
87.799041
88.269324
88.275766
88.507687
88.926432
88.836241
89.003739
88.771818
88.559225
88.488360
89.248543
89.570655
89.899209
90.440356
90.253532
90.292185
90.369492
90.582086
90.852659
90.929966
90.839775
91.123233
91.451787
91.799667
92.025146
92.089568
92.263508
92.534082
92.315046
92.153990
91.606401
91.741687
91.638612
91.857648
91.097464
90.730257
90.749584
90.549874
90.247089
89.802575
89.860555
89.873440
89.345177
89.441810
89.544886
89.467579
89.235659
89.023065
88.707396
89.242101
89.287197
88.816914
88.881336
88.907105
89.023065
88.636531
88.533456
88.456149
88.739607
88.887778
88.030962
88.217786
87.889232
87.721734
87.908559
87.689523
87.779715
87.934328
87.573563
87.367412
87.644428
87.522025
87.412507
87.161260
87.728177
87.360969
87.103280
87.174145
86.948667
87.393181
87.103280
87.296547
87.180587
86.993762
86.910013
86.871360
86.723188
86.401077
86.136945
86.033870
86.471941
86.806937
87.180587
87.341643
87.612217
88.069615
88.314420
88.494802
88.101826
88.720281
88.365958
88.823356
89.209890
89.499791
89.589982
89.615751
89.667289
89.995842
90.259974
89.847671
90.375934
90.086034
89.802575
89.873440
90.150456
89.924978
89.396715
89.783249
89.306523
89.448253
89.087488
88.842683
88.791145
89.190563
89.087488
89.164794
89.061719
88.894221
89.390273
89.274312
89.422484
88.990854
88.816914
88.694511
88.681627
89.068161
89.267870
89.474022
89.158352
89.635077
89.693057
89.809018
89.512675
89.757480
90.028053
90.028053
89.686615
89.106814
88.990854
88.945758
89.396715
89.557770
89.235659
89.042392
