temps	chemin
-7.96E-7	-3.0747E-2
1.157E-6	-1.73837E-1
3.11E-6	-1.14408E-1
5.063E-6	-1.06419E-1
7.016E-6	-1.82658E-1
8.969E-6	-3.77215E-2
1.0923E-5	-5.37866E-3
1.2876E-5	-1.09981E-1
1.4829E-5	-1.24478E-1
1.6782E-5	-1.14717E-1
1.8735E-5	-1.06861E-1
2.0688E-5	-1.03537E-1
2.2641E-5	-9.00298E-2
2.4594E-5	-9.52768E-2
2.6548E-5	-6.19775E-2
2.8501E-5	-2.49902E-3
3.0454E-5	2.17572E-3
3.2407E-5	-6.20623E-2
3.436E-5	-1.47301E-2
3.6313E-5	5.29712E-2
3.8266E-5	-1.68552E-2
4.0219E-5	-3.94955E-2
4.2172E-5	-2.48836E-2
4.4126E-5	-2.28716E-2
4.6079E-5	-1.27804E-2
4.8032E-5	-9.97116E-3
4.9985E-5	9.09227E-4
5.1938E-5	1.29171E-3
5.3891E-5	1.63923E-2
5.5844E-5	9.09392E-3
5.7797E-5	4.28446E-2
5.9751E-5	1.02274E-1
6.1704E-5	2.54132E-2
6.3657E-5	4.8339E-2
6.561E-5	4.48578E-2
6.7563E-5	5.93886E-2
6.9516E-5	5.35344E-2
7.147E-5	1.09701E-1
7.3423E-5	1.72863E-1
7.5376E-5	1.01885E-1
7.7329E-5	8.51733E-2
7.9282E-5	1.6017E-1
8.1235E-5	2.49487E-1
8.3188E-5	1.17726E-1
8.5141E-5	1.10424E-1
8.7094E-5	1.03211E-1
8.9048E-5	1.63431E-1
9.1001E-5	1.75082E-1
9.2954E-5	1.73251E-1
9.4907E-5	3.24477E-1
9.686E-5	1.4173E-1
9.8813E-5	1.87771E-1
1.00766E-4	2.98015E-1
1.02719E-4	1.32468E-1
1.04673E-4	2.32162E-1
1.06626E-4	2.09304E-1
1.08579E-4	1.65636E-1
1.10532E-4	1.90769E-1
1.12485E-4	2.1208E-1
1.14438E-4	4.71032E-1
1.16391E-4	6.0872E-1
1.18344E-4	5.88826E-1
1.20298E-4	6.06811E-1
1.22251E-4	6.0487E-1
1.24204E-4	6.14426E-1
1.26157E-4	6.18008E-1
1.2811E-4	6.22929E-1
1.30063E-4	6.3077E-1
1.32016E-4	6.31025E-1
1.33969E-4	6.44507E-1
1.35923E-4	6.36102E-1
1.37876E-4	6.68956E-1
1.39829E-4	7.26645E-1
1.41782E-4	6.49631E-1
1.43735E-4	6.69715E-1
1.45688E-4	6.67855E-1
1.47641E-4	6.76326E-1
1.49594E-4	6.79749E-1
1.51548E-4	6.85258E-1
1.53501E-4	6.90186E-1
1.55454E-4	6.951E-1
1.57407E-4	6.99466E-1
1.5936E-4	7.06115E-1
1.61313E-4	7.0672E-1
1.63266E-4	7.20382E-1
1.65219E-4	7.07403E-1
1.67172E-4	1.03099E0
1.69126E-4	1.08505E0
1.71079E-4	1.06307E0
1.73032E-4	1.09196E0
1.74985E-4	1.08554E0
1.76938E-4	1.09862E0
1.78891E-4	1.09439E0
1.80845E-4	1.10697E0
1.82797E-4	1.15915E0
1.84751E-4	1.16419E0
1.86704E-4	1.12062E0
1.88657E-4	1.11328E0
1.9061E-4	1.16508E0
1.92563E-4	1.09667E0
1.94516E-4	1.18686E0
1.9647E-4	1.20071E0
1.98423E-4	1.55768E0
2.00376E-4	1.5516E0
2.02329E-4	1.3896E0
2.04282E-4	1.44122E0
2.06235E-4	1.50453E0
2.08188E-4	1.60966E0
2.10141E-4	1.47098E0
2.12094E-4	1.42383E0
2.14048E-4	1.5722E0
2.16001E-4	1.54443E0
2.17954E-4	1.57011E0
2.19907E-4	1.58112E0
2.2186E-4	1.55421E0
2.23813E-4	1.83904E0
2.25766E-4	1.73633E0
2.27719E-4	1.69411E0
2.29673E-4	1.90362E0
2.31626E-4	1.78233E0
2.33579E-4	1.87344E0
2.35532E-4	1.89429E0
2.37485E-4	1.69219E0
2.39438E-4	1.72778E0
2.41391E-4	1.80265E0
2.43344E-4	1.86055E0
2.45298E-4	1.77413E0
2.47251E-4	1.72466E0
2.49204E-4	1.72375E0
2.51157E-4	1.8945E0
2.5311E-4	2.14168E0
2.55063E-4	2.06548E0
2.57016E-4	2.10394E0
2.58969E-4	2.15803E0
2.60922E-4	2.07825E0
2.62876E-4	2.17898E0
2.64829E-4	2.16387E0
2.66782E-4	2.2476E0
2.68735E-4	2.12677E0
2.70688E-4	2.08764E0
2.72641E-4	2.18266E0
2.74594E-4	2.18752E0
2.76548E-4	2.27778E0
2.78501E-4	2.26686E0
2.80454E-4	2.17731E0
2.82407E-4	2.36471E0
2.8436E-4	2.39331E0
2.86313E-4	2.60817E0
2.88267E-4	2.52093E0
2.90219E-4	2.53015E0
2.92172E-4	2.52492E0
2.94125E-4	2.55737E0
2.96079E-4	2.6347E0
2.98032E-4	2.58113E0
2.99985E-4	2.53394E0
3.01938E-4	2.54835E0
3.03891E-4	2.5434E0
3.05844E-4	2.5542E0
3.07798E-4	2.5456E0
3.09751E-4	2.56651E0
3.11704E-4	2.53362E0
3.13657E-4	2.68707E0
3.1561E-4	2.62641E0
3.17563E-4	2.53411E0
3.19516E-4	2.59973E0
3.2147E-4	2.63395E0
3.23423E-4	2.56709E0
3.25376E-4	2.57656E0
3.27329E-4	2.5769E0
3.29282E-4	2.57951E0
3.31235E-4	2.58285E0
3.33188E-4	2.58261E0
3.35141E-4	2.58931E0
3.37094E-4	2.5845E0
3.39047E-4	2.5973E0
3.41001E-4	2.58305E0
3.42954E-4	2.61624E0
3.44907E-4	2.74502E0
3.4686E-4	2.59151E0
3.48813E-4	2.60311E0
3.50766E-4	2.60452E0
3.5272E-4	2.60264E0
3.54673E-4	2.61189E0
3.56626E-4	2.60167E0
3.58579E-4	2.63849E0
3.60532E-4	2.97658E0
3.62485E-4	3.01306E0
3.64438E-4	3.00309E0
3.66391E-4	3.01219E0
3.68344E-4	3.00877E0
3.70297E-4	3.01416E0
3.72251E-4	3.01337E0
3.74204E-4	3.01658E0
3.76157E-4	3.01734E0
3.7811E-4	3.01936E0
3.80063E-4	3.02079E0
3.82016E-4	3.02234E0
3.83969E-4	3.02385E0
3.85923E-4	3.02533E0
3.87876E-4	3.02679E0
3.89829E-4	3.02821E0
3.91782E-4	3.0296E0
3.93735E-4	3.03097E0
3.95688E-4	3.03231E0
3.97642E-4	3.03361E0
3.99594E-4	3.03489E0
4.01547E-4	3.03613E0
4.03501E-4	3.03735E0
4.05454E-4	3.03848E0
4.07407E-4	3.03986E0
4.0936E-4	3.04045E0
4.11313E-4	3.04264E0
4.13266E-4	3.04172E0
4.15219E-4	3.0461E0
4.17173E-4	3.04177E0
4.19126E-4	3.05111E0
4.21079E-4	3.03846E0
4.23032E-4	3.06706E0
4.24985E-4	3.12049E0
4.26938E-4	3.03922E0
4.28891E-4	3.05505E0
4.30845E-4	3.04893E0
4.32798E-4	3.05323E0
4.34751E-4	3.05221E0
4.36704E-4	3.05375E0
4.38657E-4	3.05393E0
4.4061E-4	3.0551E0
4.42563E-4	3.05502E0
4.44516E-4	3.05654E0
4.46469E-4	3.05613E0
4.48423E-4	3.05721E0
4.50376E-4	3.05846E0
4.52329E-4	3.05537E0
4.54282E-4	3.06491E0
4.56235E-4	2.96768E0
4.58188E-4	3.36869E0
4.60141E-4	3.43745E0
4.62095E-4	3.27568E0
4.64048E-4	3.32338E0
4.66001E-4	3.40736E0
4.67954E-4	3.36756E0
4.69907E-4	3.3463E0
4.7186E-4	3.46972E0
4.73813E-4	3.44855E0
4.75766E-4	3.44282E0
4.77719E-4	3.34023E0
4.79672E-4	3.357E0
4.81626E-4	3.43728E0
4.83579E-4	3.42998E0
4.85532E-4	3.39796E0
4.87485E-4	3.40713E0
4.89438E-4	3.31518E0
4.91391E-4	3.40355E0
4.93345E-4	3.43734E0
4.95298E-4	3.45594E0
4.97251E-4	3.31752E0
4.99204E-4	3.42258E0
5.01157E-4	3.46266E0
5.0311E-4	3.43984E0
5.05063E-4	3.46329E0
5.07016E-4	3.42615E0
5.08969E-4	3.38407E0
5.10922E-4	3.43677E0
5.12876E-4	3.2429E0
5.14829E-4	3.28024E0
5.16782E-4	3.44711E0
5.18735E-4	3.44405E0
5.20688E-4	3.45131E0
5.22641E-4	3.43812E0
5.24594E-4	3.4589E0
5.26548E-4	3.40574E0
5.28501E-4	3.38606E0
5.30454E-4	3.42881E0
5.32407E-4	3.29968E0
5.3436E-4	3.34442E0
5.36313E-4	3.3335E0
5.38267E-4	3.42335E0
5.4022E-4	3.40715E0
5.42173E-4	3.30359E0
5.44126E-4	3.38944E0
5.46079E-4	3.39738E0
5.48032E-4	3.47137E0
5.49985E-4	3.30163E0
5.51938E-4	3.37031E0
5.53891E-4	3.46865E0
5.55844E-4	3.35964E0
5.57798E-4	3.40029E0
5.59751E-4	3.42877E0
5.61704E-4	3.32898E0
5.63657E-4	3.37481E0
5.6561E-4	3.36319E0
5.67563E-4	3.39274E0
5.69516E-4	3.45205E0
5.7147E-4	3.3209E0
5.73423E-4	3.341E0
5.75376E-4	3.38858E0
5.77329E-4	3.33249E0
5.79282E-4	3.37105E0
5.81235E-4	3.42627E0
5.83188E-4	3.39269E0
5.85141E-4	3.33761E0
5.87094E-4	3.42209E0
5.89047E-4	3.39794E0
5.91001E-4	3.4168E0
5.92954E-4	3.38217E0
5.94907E-4	3.33631E0
5.9686E-4	3.34972E0
5.98813E-4	3.32645E0
6.00766E-4	3.30069E0
6.0272E-4	3.32355E0
6.04673E-4	3.34351E0
6.06626E-4	3.33124E0
6.08579E-4	3.4162E0
6.10532E-4	3.32493E0
6.12485E-4	3.34596E0
6.14438E-4	3.4016E0
6.16391E-4	3.36385E0
6.18344E-4	3.40435E0
6.20297E-4	3.30633E0
6.22251E-4	3.35637E0
6.24204E-4	3.24273E0
6.26157E-4	3.33875E0
6.2811E-4	3.31759E0
6.30063E-4	3.12588E0
6.32016E-4	3.33009E0
6.33969E-4	3.18813E0
6.35923E-4	3.16877E0
6.37876E-4	3.34081E0
6.39829E-4	3.17323E0
6.41782E-4	3.22234E0
6.43735E-4	2.95874E0
6.45688E-4	2.9612E0
6.47642E-4	2.93789E0
6.49595E-4	2.87662E0
6.51548E-4	2.9612E0
6.535E-4	2.93984E0
6.55454E-4	2.94655E0
6.57407E-4	2.93891E0
6.5936E-4	2.93865E0
6.61313E-4	2.93482E0
6.63266E-4	2.93242E0
6.65219E-4	2.92955E0
6.67173E-4	2.92682E0
6.69126E-4	2.92356E0
6.71079E-4	2.92152E0
6.73032E-4	2.91704E0
6.74985E-4	2.91655E0
6.76938E-4	2.9099E0
6.78891E-4	2.91204E0
6.80845E-4	2.90169E0
6.82798E-4	2.91025E0
6.84751E-4	2.87279E0
6.86704E-4	2.53297E0
6.88657E-4	2.49544E0
6.9061E-4	2.50387E0
6.92563E-4	2.49344E0
6.94516E-4	2.49499E0
6.96469E-4	2.48886E0
6.98422E-4	2.48634E0
7.00376E-4	2.48457E0
7.02329E-4	2.47653E0
7.04282E-4	2.48229E0
7.06235E-4	2.46061E0
7.08188E-4	2.54319E0
7.10141E-4	2.56106E0
7.12095E-4	2.45565E0
7.14048E-4	2.46298E0
7.16001E-4	2.45092E0
7.17954E-4	2.4572E0
7.19907E-4	2.16766E0
7.2186E-4	2.17252E0
7.23813E-4	2.1525E0
7.25766E-4	2.21435E0
7.27719E-4	2.15329E0
7.29672E-4	2.15797E0
7.31626E-4	2.1977E0
7.33579E-4	2.07946E0
7.35532E-4	2.13805E0
7.37485E-4	2.05269E0
7.39438E-4	2.11567E0
7.41391E-4	2.09984E0
7.43344E-4	1.98113E0
7.45298E-4	2.05615E0
7.47251E-4	2.08094E0
7.49204E-4	1.80258E0
7.51157E-4	1.79633E0
7.5311E-4	1.80827E0
7.55063E-4	1.58607E0
7.57017E-4	1.58292E0
7.5897E-4	1.63171E0
7.60922E-4	1.62204E0
7.62875E-4	1.61547E0
7.64829E-4	1.69411E0
7.66782E-4	1.79335E0
7.68735E-4	1.81188E0
7.70688E-4	1.58257E0
7.72641E-4	1.70902E0
7.74594E-4	1.79976E0
7.76548E-4	1.65652E0
7.78501E-4	1.36591E0
7.80454E-4	1.55094E0
7.82407E-4	1.33082E0
7.8436E-4	1.44182E0
7.86313E-4	1.46201E0
7.88266E-4	1.25254E0
7.9022E-4	1.54885E0
7.92173E-4	1.43511E0
7.94126E-4	1.48417E0
7.96079E-4	1.45588E0
7.98032E-4	1.4468E0
7.99985E-4	1.46102E0
8.01938E-4	1.37682E0
8.03891E-4	1.38914E0
8.05844E-4	1.4288E0
8.07797E-4	1.41265E0
8.09751E-4	1.1243E0
8.11704E-4	9.83028E-1
8.13657E-4	1.05402E0
8.1561E-4	1.06189E0
8.17563E-4	1.05267E0
8.19516E-4	1.04968E0
8.2147E-4	1.04282E0
8.23423E-4	1.03878E0
8.25376E-4	1.03256E0
8.27329E-4	1.02798E0
8.29282E-4	1.02181E0
8.31235E-4	1.01744E0
8.33188E-4	1.01062E0
8.35141E-4	1.0071E0
8.37094E-4	9.99039E-1
8.39047E-4	9.9669E-1
8.41001E-4	9.87192E-1
8.42954E-4	9.87913E-1
8.44907E-4	9.56312E-1
8.4686E-4	6.00381E-1
8.48813E-4	5.8804E-1
8.50766E-4	6.46523E-1
8.52719E-4	5.51366E-1
8.54673E-4	5.65759E-1
8.56626E-4	5.4938E-1
8.58579E-4	5.49556E-1
8.60532E-4	5.40389E-1
8.62485E-4	5.36299E-1
8.64438E-4	5.29263E-1
8.66392E-4	5.24383E-1
8.68345E-4	5.16829E-1
8.70297E-4	5.13454E-1
8.72251E-4	5.03264E-1
8.74204E-4	5.03416E-1
8.76157E-4	4.87967E-1
8.7811E-4	4.97185E-1
8.80063E-4	4.50261E-1
8.82016E-4	1.18547E-1
8.83969E-4	5.65772E-2
8.85923E-4	1.32689E-1
8.87876E-4	1.05588E-1
8.89829E-4	3.96165E-2
8.91782E-4	1.02651E-1
8.93735E-4	1.39958E-1
8.95688E-4	6.93271E-2
8.97641E-4	2.35495E-2
8.99595E-4	3.58064E-2
9.01548E-4	8.71285E-3
9.03501E-4	6.24797E-2
9.05454E-4	9.75981E-2
9.07407E-4	4.33499E-2
9.0936E-4	-1.68443E-1
9.11313E-4	-2.94736E-1
9.13266E-4	-2.417E-1
9.15219E-4	-2.73273E-1
9.17173E-4	-2.97797E-1
9.19126E-4	-3.02816E-1
9.21079E-4	-2.24377E-1
9.23032E-4	-1.85017E-1
9.24985E-4	-2.95227E-1
9.26938E-4	-3.28241E-1
9.28891E-4	-2.66787E-1
9.30845E-4	-3.70249E-1
9.32798E-4	-6.34555E-1
9.34751E-4	-6.68168E-1
9.36704E-4	-4.59371E-1
9.38657E-4	-5.57545E-1
9.4061E-4	-6.18131E-1
9.42563E-4	-6.45929E-1
9.44516E-4	-7.6734E-1
9.46469E-4	-5.47907E-1
9.48422E-4	-5.69774E-1
9.50376E-4	-8.02639E-1
9.52329E-4	-9.51054E-1
9.54282E-4	-9.74007E-1
9.56235E-4	-1.02294E0
9.58188E-4	-9.3615E-1
9.60141E-4	-9.92306E-1
9.62095E-4	-9.46819E-1
9.64048E-4	-1.06251E0
9.66001E-4	-9.95957E-1
9.67954E-4	-1.22333E0
9.69907E-4	-1.43252E0
9.7186E-4	-1.39597E0
9.73813E-4	-1.37338E0
9.75767E-4	-1.36329E0
9.77719E-4	-1.4643E0
9.79672E-4	-1.39144E0
9.81626E-4	-1.60845E0
9.83579E-4	-1.8681E0
9.85532E-4	-1.8399E0
9.87485E-4	-1.86081E0
9.89438E-4	-1.79032E0
9.91391E-4	-1.86052E0
9.93344E-4	-1.79611E0
9.95298E-4	-2.02056E0
9.97251E-4	-2.22412E0
9.99204E-4	-2.08283E0
1.00116E-3	-2.0666E0
1.00311E-3	-2.08973E0
1.00506E-3	-2.23621E0
1.00702E-3	-2.47138E0
1.00897E-3	-2.44165E0
1.01092E-3	-2.52185E0
1.01288E-3	-2.36334E0
1.01483E-3	-2.71549E0
1.01678E-3	-2.74901E0
1.01873E-3	-2.82177E0
1.02069E-3	-2.90572E0
1.02264E-3	-2.75044E0
1.02459E-3	-3.12316E0
1.02655E-3	-3.16715E0
1.0285E-3	-3.14242E0
1.03045E-3	-3.21519E0
1.03241E-3	-3.51911E0
1.03436E-3	-3.62916E0
1.03631E-3	-3.53917E0
1.03827E-3	-3.6517E0
1.04022E-3	-3.91205E0
1.04217E-3	-3.85187E0
1.04413E-3	-3.94518E0
1.04608E-3	-4.00229E0
1.04803E-3	-4.33743E0
1.04998E-3	-4.2663E0
1.05194E-3	-4.40573E0
1.05389E-3	-4.60264E0
1.05584E-3	-4.51492E0
1.0578E-3	-4.63515E0
1.05975E-3	-4.98127E0
1.0617E-3	-4.86309E0
1.06366E-3	-5.16808E0
1.06561E-3	-5.31231E0
1.06756E-3	-5.18431E0
1.06952E-3	-5.47364E0
1.07147E-3	-5.70716E0
1.07342E-3	-5.73568E0
1.07538E-3	-6.08716E0
1.07733E-3	-5.96225E0
1.07928E-3	-6.01916E0
1.08123E-3	-6.38677E0
1.08319E-3	-6.23722E0
1.08514E-3	-6.59192E0
1.08709E-3	-6.54443E0
1.08905E-3	-6.63585E0
1.091E-3	-6.99096E0
1.09295E-3	-7.16852E0
1.09491E-3	-7.4037E0
1.09686E-3	-7.34501E0
1.09881E-3	-7.65613E0
1.10077E-3	-7.78722E0
1.10272E-3	-7.8677E0
1.10467E-3	-7.9328E0
1.10663E-3	-8.13941E0
1.10858E-3	-8.32431E0
1.11053E-3	-8.61895E0
1.11248E-3	-8.65951E0
1.11444E-3	-8.90355E0
1.11639E-3	-9.14293E0
1.11834E-3	-9.44957E0
1.1203E-3	-9.357E0
1.12225E-3	-9.51514E0
1.1242E-3	-9.88056E0
1.12616E-3	-9.89703E0
1.12811E-3	-1.01303E1
1.13006E-3	-1.04542E1
1.13202E-3	-1.06986E1
1.13397E-3	-1.08246E1
1.13592E-3	-1.11581E1
1.13788E-3	-1.13169E1
1.13983E-3	-1.1412E1
1.14178E-3	-1.17276E1
1.14373E-3	-1.19684E1
1.14569E-3	-1.20875E1
1.14764E-3	-1.24972E1
1.1496E-3	-1.27585E1
1.15155E-3	-1.29019E1
1.1535E-3	-1.31972E1
1.15545E-3	-1.32818E1
1.15741E-3	-1.36822E1
1.15936E-3	-1.40035E1
1.16131E-3	-1.42834E1
1.16327E-3	-1.46416E1
1.16522E-3	-1.47973E1
1.16717E-3	-1.5175E1
1.16913E-3	-1.53582E1
1.17108E-3	-1.57661E1
1.17303E-3	-1.60861E1
1.17498E-3	-1.63696E1
1.17694E-3	-1.65659E1
1.17889E-3	-1.70321E1
1.18084E-3	-1.7227E1
1.1828E-3	-1.76266E1
1.18475E-3	-1.80843E1
1.1867E-3	-1.83045E1
1.18866E-3	-1.87201E1
1.19061E-3	-1.91491E1
1.19256E-3	-1.95221E1
1.19452E-3	-1.99914E1
1.19647E-3	-2.04142E1
1.19842E-3	-2.07942E1
1.20038E-3	-2.12663E1
1.20233E-3	-2.1718E1
1.20428E-3	-2.2184E1
1.20623E-3	-2.25489E1
1.20819E-3	-2.30769E1
1.21014E-3	-2.34276E1
1.21209E-3	-2.40213E1
1.21405E-3	-2.44463E1
1.216E-3	-2.49265E1
1.21795E-3	-2.55445E1
1.21991E-3	-2.61302E1
1.22186E-3	-2.66888E1
1.22381E-3	-2.71798E1
1.22577E-3	-2.77443E1
1.22772E-3	-2.83266E1
1.22967E-3	-2.90722E1
1.23163E-3	-2.96779E1
1.23358E-3	-3.0162E1
1.23553E-3	-3.09546E1
1.23749E-3	-3.15826E1
1.23944E-3	-3.2336E1
1.24139E-3	-3.29626E1
1.24334E-3	-3.3766E1
1.2453E-3	-3.46603E1
1.24725E-3	-3.52619E1
1.2492E-3	-3.60335E1
1.25116E-3	-3.69139E1
1.25311E-3	-3.77305E1
1.25506E-3	-3.87075E1
1.25702E-3	-3.96167E1
1.25897E-3	-4.05229E1
1.26092E-3	-4.15068E1
1.26288E-3	-4.23914E1
1.26483E-3	-4.33432E1
1.26678E-3	-4.45584E1
1.26873E-3	-4.55931E1
1.27069E-3	-4.64994E1
1.27264E-3	-4.75645E1
1.27459E-3	-4.85714E1
1.27655E-3	-4.97557E1
1.2785E-3	-5.06975E1
1.28045E-3	-5.19774E1
1.28241E-3	-5.30053E1
1.28436E-3	-5.42274E1
1.28631E-3	-5.54837E1
1.28827E-3	-5.66263E1
1.29022E-3	-5.78024E1
1.29217E-3	-5.898E1
1.29413E-3	-6.03025E1
1.29608E-3	-6.14948E1
1.29803E-3	-6.28824E1
1.29998E-3	-6.40201E1
1.30194E-3	-6.54992E1
1.30389E-3	-6.67983E1
1.30584E-3	-6.81583E1
1.3078E-3	-6.95071E1
1.30975E-3	-7.07221E1
1.3117E-3	-7.21201E1
1.31366E-3	-7.34339E1
1.31561E-3	-7.49229E1
1.31756E-3	-7.64077E1
1.31952E-3	-7.77765E1
1.32147E-3	-7.90986E1
1.32342E-3	-8.05867E1
1.32538E-3	-8.21833E1
1.32733E-3	-8.3425E1
1.32928E-3	-8.48928E1
1.33124E-3	-8.65124E1
1.33319E-3	-8.79148E1
1.33514E-3	-8.93571E1
1.3371E-3	-9.07684E1
1.33905E-3	-9.24546E1
1.341E-3	-9.39733E1
1.34295E-3	-9.53836E1
1.34491E-3	-9.70438E1
1.34686E-3	-9.85176E1
1.34881E-3	-1.00025E2
1.35077E-3	-1.01694E2
1.35272E-3	-1.03178E2
1.35467E-3	-1.04756E2
1.35663E-3	-1.0627E2
1.35858E-3	-1.07821E2
1.36053E-3	-1.09461E2
1.36248E-3	-1.10854E2
1.36444E-3	-1.12542E2
1.36639E-3	-1.14044E2
1.36834E-3	-1.15672E2
1.3703E-3	-1.17355E2
1.37225E-3	-1.18745E2
1.3742E-3	-1.20404E2
1.37616E-3	-1.21932E2
1.37811E-3	-1.23547E2
1.38006E-3	-1.25261E2
1.38202E-3	-1.26947E2
1.38397E-3	-1.28453E2
1.38592E-3	-1.30033E2
1.38788E-3	-1.31665E2
1.38983E-3	-1.33346E2
1.39178E-3	-1.34741E2
1.39373E-3	-1.36567E2
1.39569E-3	-1.38118E2
1.39764E-3	-1.39507E2
1.3996E-3	-1.41289E2
1.40155E-3	-1.42988E2
1.4035E-3	-1.44416E2
1.40545E-3	-1.46057E2
1.40741E-3	-1.4764E2
1.40936E-3	-1.49593E2
1.41131E-3	-1.51409E2
1.41327E-3	-1.52295E2
1.41522E-3	-1.54277E2
1.41717E-3	-1.55706E2
1.41913E-3	-1.57351E2
1.42108E-3	-1.59019E2
1.42303E-3	-1.60643E2
1.42498E-3	-1.62437E2
1.42694E-3	-1.64008E2
1.42889E-3	-1.65491E2
1.43085E-3	-1.67246E2
1.4328E-3	-1.68954E2
1.43475E-3	-1.70464E2
1.4367E-3	-1.71963E2
1.43866E-3	-1.73677E2
1.44061E-3	-1.75118E2
1.44256E-3	-1.7676E2
1.44452E-3	-1.78247E2
1.44647E-3	-1.79757E2
1.44842E-3	-1.81351E2
1.45038E-3	-1.82911E2
1.45233E-3	-1.84536E2
1.45428E-3	-1.85957E2
1.45624E-3	-1.87484E2
1.45819E-3	-1.89144E2
1.46014E-3	-1.90662E2
1.46209E-3	-1.91893E2
1.46405E-3	-1.93429E2
1.466E-3	-1.9498E2
1.46795E-3	-1.96313E2
1.46991E-3	-1.97889E2
1.47186E-3	-1.99328E2
1.47381E-3	-2.00703E2
1.47577E-3	-2.02183E2
1.47772E-3	-2.03637E2
1.47967E-3	-2.05021E2
1.48163E-3	-2.06508E2
1.48358E-3	-2.07881E2
1.48553E-3	-2.09318E2
1.48748E-3	-2.10703E2
1.48944E-3	-2.1192E2
1.49139E-3	-2.13301E2
1.49334E-3	-2.14865E2
1.4953E-3	-2.16117E2
1.49725E-3	-2.17423E2
1.4992E-3	-2.18887E2
1.50116E-3	-2.2011E2
1.50311E-3	-2.21584E2
1.50506E-3	-2.23071E2
1.50702E-3	-2.2423E2
1.50897E-3	-2.25604E2
1.51092E-3	-2.26764E2
1.51288E-3	-2.28177E2
1.51483E-3	-2.29447E2
1.51678E-3	-2.3082E2
1.51874E-3	-2.32163E2
1.52069E-3	-2.33354E2
1.52264E-3	-2.34715E2
1.52459E-3	-2.35999E2
1.52655E-3	-2.37218E2
1.5285E-3	-2.38379E2
1.53045E-3	-2.39754E2
1.53241E-3	-2.40992E2
1.53436E-3	-2.42088E2
1.53631E-3	-2.43401E2
1.53827E-3	-2.44538E2
1.54022E-3	-2.45818E2
1.54217E-3	-2.46856E2
1.54413E-3	-2.48094E2
1.54608E-3	-2.49282E2
1.54803E-3	-2.5038E2
1.54998E-3	-2.51714E2
1.55194E-3	-2.52661E2
1.55389E-3	-2.53844E2
1.55584E-3	-2.54968E2
1.5578E-3	-2.56112E2
1.55975E-3	-2.57115E2
1.5617E-3	-2.58272E2
1.56366E-3	-2.59302E2
1.56561E-3	-2.60282E2
1.56756E-3	-2.61442E2
1.56952E-3	-2.62197E2
1.57147E-3	-2.63315E2
1.57342E-3	-2.64292E2
1.57538E-3	-2.65125E2
1.57733E-3	-2.66082E2
1.57928E-3	-2.66856E2
1.58123E-3	-2.6757E2
1.58319E-3	-2.68446E2
1.58514E-3	-2.69361E2
1.58709E-3	-2.69982E2
1.58905E-3	-2.7084E2
1.591E-3	-2.71536E2
1.59295E-3	-2.72299E2
1.59491E-3	-2.73012E2
1.59686E-3	-2.73772E2
1.59881E-3	-2.74461E2
1.60077E-3	-2.75096E2
1.60272E-3	-2.75792E2
1.60467E-3	-2.76636E2
1.60663E-3	-2.77057E2
1.60858E-3	-2.77753E2
1.61053E-3	-2.78351E2
1.61248E-3	-2.78922E2
1.61444E-3	-2.79584E2
1.61639E-3	-2.80158E2
1.61834E-3	-2.80617E2
1.6203E-3	-2.81196E2
1.62225E-3	-2.8158E2
1.6242E-3	-2.82019E2
1.62616E-3	-2.82529E2
1.62811E-3	-2.83022E2
1.63006E-3	-2.83165E2
1.63202E-3	-2.83486E2
1.63397E-3	-2.83858E2
1.63592E-3	-2.84299E2
1.63788E-3	-2.84664E2
1.63983E-3	-2.84964E2
1.64178E-3	-2.85119E2
1.64373E-3	-2.85237E2
1.64569E-3	-2.85483E2
1.64764E-3	-2.85668E2
1.6496E-3	-2.85976E2
1.65155E-3	-2.85912E2
1.6535E-3	-2.86059E2
1.65545E-3	-2.86387E2
1.65741E-3	-2.86384E2
1.65936E-3	-2.86424E2
1.66131E-3	-2.86396E2
1.66327E-3	-2.863E2
1.66522E-3	-2.86507E2
1.66717E-3	-2.8633E2
1.66913E-3	-2.86066E2
1.67108E-3	-2.86178E2
1.67303E-3	-2.85902E2
1.67498E-3	-2.85759E2
1.67694E-3	-2.85662E2
1.67889E-3	-2.85369E2
1.68084E-3	-2.85309E2
1.6828E-3	-2.84996E2
1.68475E-3	-2.84705E2
1.6867E-3	-2.84501E2
1.68866E-3	-2.84123E2
1.69061E-3	-2.83945E2
1.69256E-3	-2.83483E2
1.69452E-3	-2.83107E2
1.69647E-3	-2.82747E2
1.69842E-3	-2.82204E2
1.70038E-3	-2.81845E2
1.70233E-3	-2.81226E2
1.70428E-3	-2.80698E2
1.70623E-3	-2.80156E2
1.70819E-3	-2.79614E2
1.71014E-3	-2.79081E2
1.71209E-3	-2.78306E2
1.71405E-3	-2.77802E2
1.716E-3	-2.77091E2
1.71795E-3	-2.76239E2
1.71991E-3	-2.75531E2
1.72186E-3	-2.74839E2
1.72381E-3	-2.74163E2
1.72577E-3	-2.73138E2
1.72772E-3	-2.72338E2
1.72967E-3	-2.71443E2
1.73163E-3	-2.7061E2
1.73358E-3	-2.69755E2
1.73553E-3	-2.68876E2
1.73748E-3	-2.6791E2
1.73944E-3	-2.66976E2
1.74139E-3	-2.65942E2
1.74334E-3	-2.64957E2
1.7453E-3	-2.63915E2
1.74725E-3	-2.62739E2
1.7492E-3	-2.6172E2
1.75116E-3	-2.60457E2
1.75311E-3	-2.59315E2
1.75506E-3	-2.58158E2
1.75702E-3	-2.56901E2
1.75897E-3	-2.55683E2
1.76092E-3	-2.54693E2
1.76288E-3	-2.53507E2
1.76483E-3	-2.52244E2
1.76678E-3	-2.50987E2
1.76873E-3	-2.49737E2
1.77069E-3	-2.48562E2
1.77264E-3	-2.47263E2
1.77459E-3	-2.46098E2
1.77655E-3	-2.44959E2
1.7785E-3	-2.43844E2
1.78045E-3	-2.42497E2
1.78241E-3	-2.41111E2
1.78436E-3	-2.39988E2
1.78631E-3	-2.38738E2
1.78827E-3	-2.37456E2
1.79022E-3	-2.36148E2
1.79217E-3	-2.34881E2
1.79413E-3	-2.33596E2
1.79608E-3	-2.32321E2
1.79803E-3	-2.31025E2
1.79998E-3	-2.29685E2
1.80194E-3	-2.28235E2
1.80389E-3	-2.27008E2
1.80584E-3	-2.25706E2
1.8078E-3	-2.24455E2
1.80975E-3	-2.22921E2
1.8117E-3	-2.21589E2
1.81366E-3	-2.20394E2
1.81561E-3	-2.19076E2
1.81756E-3	-2.17733E2
1.81952E-3	-2.16334E2
1.82147E-3	-2.15067E2
1.82342E-3	-2.13836E2
1.82538E-3	-2.1235E2
1.82733E-3	-2.11139E2
1.82928E-3	-2.09942E2
1.83124E-3	-2.08605E2
1.83319E-3	-2.07395E2
1.83514E-3	-2.06E2
1.8371E-3	-2.05022E2
1.83905E-3	-2.03736E2
1.841E-3	-2.02473E2
1.84295E-3	-2.01282E2
1.84491E-3	-2.00011E2
1.84686E-3	-1.98811E2
1.84881E-3	-1.97497E2
1.85077E-3	-1.96313E2
1.85272E-3	-1.95138E2
1.85467E-3	-1.93934E2
1.85663E-3	-1.92693E2
1.85858E-3	-1.91468E2
1.86053E-3	-1.90173E2
1.86248E-3	-1.89002E2
1.86444E-3	-1.87795E2
1.86639E-3	-1.86414E2
1.86834E-3	-1.85138E2
1.8703E-3	-1.83947E2
1.87225E-3	-1.82524E2
1.8742E-3	-1.8121E2
1.87616E-3	-1.80029E2
1.87811E-3	-1.78731E2
1.88006E-3	-1.77216E2
1.88202E-3	-1.75985E2
1.88397E-3	-1.74749E2
1.88592E-3	-1.73151E2
1.88788E-3	-1.71769E2
1.88983E-3	-1.70516E2
1.89178E-3	-1.69131E2
1.89373E-3	-1.67678E2
1.89569E-3	-1.66233E2
1.89764E-3	-1.64802E2
1.89959E-3	-1.63231E2
1.90155E-3	-1.61733E2
1.9035E-3	-1.60381E2
1.90545E-3	-1.58905E2
1.90741E-3	-1.57423E2
1.90936E-3	-1.55949E2
1.91131E-3	-1.54454E2
1.91327E-3	-1.52837E2
1.91522E-3	-1.5129E2
1.91717E-3	-1.49776E2
1.91913E-3	-1.48153E2
1.92108E-3	-1.46536E2
1.92303E-3	-1.45235E2
1.92498E-3	-1.43789E2
1.92694E-3	-1.42064E2
1.92889E-3	-1.40617E2
1.93084E-3	-1.38976E2
1.9328E-3	-1.37286E2
1.93475E-3	-1.35801E2
1.9367E-3	-1.34175E2
1.93866E-3	-1.32438E2
1.94061E-3	-1.30814E2
1.94256E-3	-1.29138E2
1.94452E-3	-1.27442E2
1.94647E-3	-1.25951E2
1.94842E-3	-1.24198E2
1.95038E-3	-1.22572E2
1.95233E-3	-1.20959E2
1.95428E-3	-1.19175E2
1.95623E-3	-1.17537E2
1.95819E-3	-1.15847E2
1.96014E-3	-1.14098E2
1.96209E-3	-1.12343E2
1.96405E-3	-1.10699E2
1.966E-3	-1.0901E2
1.96795E-3	-1.07156E2
1.96991E-3	-1.05407E2
1.97186E-3	-1.03725E2
1.97381E-3	-1.01873E2
1.97577E-3	-1.00118E2
1.97772E-3	-9.8466E1
1.97967E-3	-9.68E1
1.98163E-3	-9.49431E1
1.98358E-3	-9.31586E1
1.98553E-3	-9.14136E1
1.98748E-3	-8.97855E1
1.98944E-3	-8.79285E1
1.99139E-3	-8.63446E1
1.99334E-3	-8.47267E1
1.9953E-3	-8.28763E1
1.99725E-3	-8.12534E1
1.9992E-3	-7.97E1
2.00116E-3	-7.78126E1
2.00311E-3	-7.61117E1
2.00506E-3	-7.46818E1
2.00702E-3	-7.2744E1
2.00897E-3	-7.11444E1
2.01092E-3	-6.95457E1
2.01288E-3	-6.77882E1
2.01483E-3	-6.62013E1
2.01678E-3	-6.4761E1
2.01873E-3	-6.29087E1
2.02069E-3	-6.1245E1
2.02264E-3	-5.96671E1
2.02459E-3	-5.79543E1
2.02655E-3	-5.62203E1
2.0285E-3	-5.46659E1
2.03045E-3	-5.28672E1
2.03241E-3	-5.10862E1
2.03436E-3	-4.96613E1
2.03631E-3	-4.78818E1
2.03827E-3	-4.61592E1
2.04022E-3	-4.46191E1
2.04217E-3	-4.30587E1
2.04413E-3	-4.13555E1
2.04608E-3	-3.98012E1
2.04803E-3	-3.81069E1
2.04998E-3	-3.64518E1
2.05194E-3	-3.51226E1
2.05389E-3	-3.31661E1
2.05584E-3	-3.15633E1
2.0578E-3	-3.00187E1
2.05975E-3	-2.82752E1
2.0617E-3	-2.66545E1
2.06366E-3	-2.51447E1
2.06561E-3	-2.36115E1
2.06756E-3	-2.19765E1
2.06952E-3	-2.03974E1
2.07147E-3	-1.8632E1
2.07342E-3	-1.72285E1
2.07538E-3	-1.57242E1
2.07733E-3	-1.40217E1
2.07928E-3	-1.25268E1
2.08123E-3	-1.10451E1
2.08319E-3	-9.34472E0
2.08514E-3	-7.88012E0
2.08709E-3	-6.37367E0
2.08905E-3	-4.862E0
2.091E-3	-3.18542E0
2.09295E-3	-1.67025E0
2.09491E-3	-1.46862E-1
2.09686E-3	1.34838E0
2.09881E-3	2.96333E0
2.10077E-3	3.85214E0
2.10272E-3	5.83545E0
2.10467E-3	7.67788E0
2.10663E-3	8.75369E0
2.10858E-3	1.03014E1
2.11053E-3	1.18586E1
2.11248E-3	1.32373E1
2.11444E-3	1.46504E1
2.11639E-3	1.59614E1
2.11834E-3	1.74179E1
2.1203E-3	1.87629E1
2.12225E-3	2.00292E1
2.1242E-3	2.15216E1
2.12616E-3	2.26599E1
2.12811E-3	2.37845E1
2.13006E-3	2.50795E1
2.13202E-3	2.64176E1
2.13397E-3	2.75704E1
2.13592E-3	2.87806E1
2.13788E-3	2.97697E1
2.13983E-3	3.09643E1
2.14178E-3	3.19068E1
2.14373E-3	3.3073E1
2.14569E-3	3.39827E1
2.14764E-3	3.50668E1
2.14959E-3	3.61085E1
2.15155E-3	3.69581E1
2.1535E-3	3.80039E1
2.15545E-3	3.89048E1
2.15741E-3	3.95691E1
2.15936E-3	4.06022E1
2.16131E-3	4.13384E1
2.16327E-3	4.21392E1
2.16522E-3	4.28974E1
2.16717E-3	4.35742E1
2.16913E-3	4.40822E1
2.17108E-3	4.48946E1
2.17303E-3	4.55576E1
2.17498E-3	4.60384E1
2.17694E-3	4.67002E1
2.17889E-3	4.74317E1
2.18084E-3	4.79092E1
2.1828E-3	4.83583E1
2.18475E-3	4.86833E1
2.1867E-3	4.9156E1
2.18866E-3	4.96047E1
2.19061E-3	5.00175E1
2.19256E-3	5.04106E1
2.19452E-3	5.0848E1
2.19647E-3	5.11933E1
2.19842E-3	5.13311E1
2.20038E-3	5.16904E1
2.20233E-3	5.18858E1
2.20428E-3	5.22215E1
2.20624E-3	5.24528E1
2.20819E-3	5.26591E1
2.21014E-3	5.30004E1
2.21209E-3	5.31539E1
2.21405E-3	5.32202E1
2.216E-3	5.34833E1
2.21795E-3	5.33877E1
2.21991E-3	5.35866E1
2.22186E-3	5.37691E1
2.22381E-3	5.38419E1
2.22577E-3	5.40749E1
2.22772E-3	5.3869E1
2.22967E-3	5.40935E1
2.23163E-3	5.4022E1
2.23358E-3	5.40183E1
2.23553E-3	5.39843E1
2.23749E-3	5.39047E1
2.23944E-3	5.38724E1
2.24139E-3	5.38638E1
2.24334E-3	5.35996E1
2.2453E-3	5.34189E1
2.24725E-3	5.34907E1
2.2492E-3	5.32984E1
2.25116E-3	5.30332E1
2.25311E-3	5.28033E1
2.25506E-3	5.25538E1
2.25702E-3	5.23915E1
2.25897E-3	5.20679E1
2.26092E-3	5.21211E1
2.26288E-3	5.19285E1
2.26483E-3	5.15123E1
2.26678E-3	5.12693E1
2.26873E-3	5.10295E1
2.27069E-3	5.07857E1
2.27264E-3	5.05406E1
2.27459E-3	5.00988E1
2.27655E-3	4.98331E1
2.2785E-3	4.95084E1
2.28045E-3	4.91854E1
2.28241E-3	4.89763E1
2.28436E-3	4.8508E1
2.28631E-3	4.82046E1
2.28827E-3	4.79226E1
2.29022E-3	4.77367E1
2.29217E-3	4.73873E1
2.29413E-3	4.69704E1
2.29608E-3	4.66389E1
2.29803E-3	4.64225E1
2.29998E-3	4.60118E1
2.30194E-3	4.56541E1
2.30389E-3	4.53427E1
2.30584E-3	4.50146E1
2.3078E-3	4.45326E1
2.30975E-3	4.41572E1
2.3117E-3	4.37666E1
2.31366E-3	4.32793E1
2.31561E-3	4.28503E1
2.31756E-3	4.25429E1
2.31952E-3	4.20121E1
2.32147E-3	4.15316E1
2.32342E-3	4.12812E1
2.32538E-3	4.07718E1
2.32733E-3	4.02477E1
2.32928E-3	3.97645E1
2.33124E-3	3.931E1
2.33319E-3	3.88304E1
2.33514E-3	3.83666E1
2.3371E-3	3.78908E1
2.33905E-3	3.73082E1
2.341E-3	3.69448E1
2.34295E-3	3.62799E1
2.34491E-3	3.57757E1
2.34686E-3	3.50932E1
2.34881E-3	3.47313E1
2.35077E-3	3.41494E1
2.35272E-3	3.35358E1
2.35467E-3	3.29347E1
2.35663E-3	3.23494E1
2.35858E-3	3.18997E1
2.36053E-3	3.12529E1
2.36248E-3	3.04405E1
2.36444E-3	2.99224E1
2.36639E-3	2.93433E1
2.36834E-3	2.87272E1
2.3703E-3	2.80233E1
2.37225E-3	2.75463E1
2.3742E-3	2.68224E1
2.37616E-3	2.63599E1
2.37811E-3	2.56175E1
2.38006E-3	2.5112E1
2.38202E-3	2.44712E1
2.38397E-3	2.38187E1
2.38592E-3	2.32098E1
2.38788E-3	2.2601E1
2.38983E-3	2.1988E1
2.39178E-3	2.14642E1
2.39373E-3	2.09597E1
2.39569E-3	2.02957E1
2.39764E-3	1.9686E1
2.39959E-3	1.91732E1
2.40155E-3	1.85737E1
2.4035E-3	1.78946E1
2.40545E-3	1.73469E1
2.40741E-3	1.69523E1
2.40936E-3	1.63477E1
2.41131E-3	1.60794E1
2.41327E-3	1.5484E1
2.41522E-3	1.47667E1
2.41717E-3	1.43786E1
2.41913E-3	1.39241E1
2.42108E-3	1.35016E1
2.42303E-3	1.31894E1
2.42498E-3	1.2737E1
2.42694E-3	1.21716E1
2.42889E-3	1.18584E1
2.43084E-3	1.15555E1
2.4328E-3	1.10778E1
2.43475E-3	1.08395E1
2.4367E-3	1.06122E1
2.43866E-3	1.02256E1
2.44061E-3	9.7975E0
2.44256E-3	9.5776E0
2.44452E-3	9.31543E0
2.44647E-3	9.03372E0
2.44842E-3	8.92895E0
2.45038E-3	8.64802E0
2.45233E-3	8.35785E0
2.45428E-3	8.43739E0
2.45624E-3	8.2687E0
2.45819E-3	7.92884E0
2.46014E-3	7.94426E0
2.46209E-3	7.66194E0
2.46405E-3	7.42146E0
2.466E-3	7.48831E0
2.46795E-3	7.16957E0
2.46991E-3	6.96642E0
2.47186E-3	6.97744E0
2.47381E-3	6.92216E0
2.47577E-3	6.61912E0
2.47772E-3	6.66597E0
2.47967E-3	6.67807E0
2.48163E-3	6.79579E0
2.48358E-3	6.61614E0
2.48553E-3	6.45937E0
2.48748E-3	6.44264E0
2.48944E-3	6.51646E0
2.49139E-3	6.5305E0
2.49334E-3	6.40829E0
2.4953E-3	6.42738E0
2.49725E-3	6.26592E0
2.4992E-3	6.68434E0
2.50116E-3	6.6147E0
2.50311E-3	6.52335E0
2.50506E-3	6.54988E0
2.50702E-3	6.71725E0
2.50897E-3	6.88193E0
2.51092E-3	6.80861E0
2.51288E-3	6.98639E0
2.51483E-3	7.1563E0
2.51678E-3	7.05925E0
2.51874E-3	7.14198E0
2.52069E-3	7.4505E0
2.52264E-3	7.34915E0
2.5246E-3	7.53872E0
2.52655E-3	7.66466E0
2.5285E-3	7.43536E0
2.53045E-3	7.61159E0
2.53241E-3	7.63723E0
2.53436E-3	7.61694E0
2.53631E-3	7.85228E0
2.53827E-3	8.06176E0
2.54022E-3	7.9763E0
2.54217E-3	8.03157E0
2.54413E-3	8.27436E0
2.54608E-3	8.21743E0
2.54803E-3	8.16166E0
2.54998E-3	8.31717E0
2.55194E-3	8.5385E0
2.55389E-3	8.39965E0
2.55584E-3	8.48683E0
2.5578E-3	8.41394E0
2.55975E-3	8.52048E0
2.5617E-3	8.66703E0
2.56366E-3	8.55983E0
2.56561E-3	8.78296E0
2.56756E-3	8.94109E0
2.56952E-3	8.81947E0
2.57147E-3	8.87857E0
2.57342E-3	9.01655E0
2.57538E-3	8.90648E0
2.57733E-3	9.08633E0
2.57928E-3	9.30539E0
2.58123E-3	9.24794E0
2.58319E-3	9.21357E0
2.58514E-3	9.26523E0
2.58709E-3	9.58683E0
2.58905E-3	9.47264E0
2.591E-3	9.45088E0
2.59295E-3	9.45872E0
2.59491E-3	9.55126E0
2.59686E-3	9.56605E0
2.59881E-3	9.51425E0
2.60077E-3	9.63484E0
2.60272E-3	9.73787E0
2.60467E-3	9.44966E0
2.60663E-3	9.54122E0
2.60858E-3	9.49575E0
2.61053E-3	9.58597E0
2.61248E-3	9.76373E0
2.61444E-3	9.97522E0
2.61639E-3	9.98101E0
2.61834E-3	9.8987E0
2.6203E-3	9.79085E0
2.62225E-3	9.4538E0
2.6242E-3	9.33565E0
2.62616E-3	9.01305E0
2.62811E-3	8.79046E0
2.63006E-3	8.33928E0
2.63202E-3	8.00571E0
2.63397E-3	7.50633E0
2.63592E-3	7.06377E0
2.63788E-3	6.41536E0
2.63983E-3	5.94771E0
2.64178E-3	5.54177E0
2.64373E-3	5.14666E0
2.64569E-3	4.80501E0
2.64764E-3	4.64724E0
2.64959E-3	4.17143E0
2.65155E-3	3.93119E0
2.6535E-3	3.5308E0
2.65545E-3	3.43595E0
2.65741E-3	3.08198E0
2.65936E-3	3.00024E0
2.66131E-3	2.77943E0
2.66327E-3	2.57397E0
2.66522E-3	2.4659E0
2.66717E-3	2.05681E0
2.66913E-3	1.99815E0
2.67108E-3	1.48339E0
2.67303E-3	1.02124E0
2.67498E-3	5.01234E-1
2.67694E-3	-1.07053E-1
2.67889E-3	-6.75778E-1
2.68084E-3	-1.29927E0
2.6828E-3	-1.70406E0
2.68475E-3	-2.43363E0
2.6867E-3	-2.66078E0
2.68866E-3	-4.21206E0
2.69061E-3	-4.74932E0
2.69256E-3	-4.13713E0
2.69452E-3	-5.02586E0
2.69647E-3	-5.21901E0
2.69842E-3	-5.78E0
2.70038E-3	-6.12958E0
2.70233E-3	-6.52276E0
2.70428E-3	-6.86856E0
2.70623E-3	-7.17778E0
2.70819E-3	-7.50532E0
2.71014E-3	-7.64032E0
2.7121E-3	-8.11142E0
2.71405E-3	-8.38649E0
2.716E-3	-8.70008E0
2.71795E-3	-8.86611E0
2.71991E-3	-9.33844E0
2.72186E-3	-9.86245E0
2.72381E-3	-1.01398E1
2.72577E-3	-1.04637E1
2.72772E-3	-1.06221E1
2.72967E-3	-1.09519E1
2.73163E-3	-1.11843E1
2.73358E-3	-1.15387E1
2.73553E-3	-1.17759E1
2.73748E-3	-1.19545E1
2.73944E-3	-1.23141E1
2.74139E-3	-1.25289E1
2.74334E-3	-1.26792E1
2.7453E-3	-1.29471E1
2.74725E-3	-1.30954E1
2.7492E-3	-1.33377E1
2.75116E-3	-1.34783E1
2.75311E-3	-1.37174E1
2.75506E-3	-1.3701E1
2.75702E-3	-1.41901E1
2.75897E-3	-1.41765E1
2.76092E-3	-1.44675E1
2.76288E-3	-1.48429E1
2.76483E-3	-1.47404E1
2.76678E-3	-1.53029E1
2.76873E-3	-1.55276E1
2.77069E-3	-1.57955E1
2.77264E-3	-1.60257E1
2.7746E-3	-1.61597E1
2.77655E-3	-1.64824E1
2.7785E-3	-1.67438E1
2.78045E-3	-1.69129E1
2.78241E-3	-1.69472E1
2.78436E-3	-1.7325E1
2.78631E-3	-1.73941E1
2.78827E-3	-1.73985E1
2.79022E-3	-1.74699E1
2.79217E-3	-1.73903E1
2.79413E-3	-1.71022E1
2.79608E-3	-1.71637E1
2.79803E-3	-1.68753E1
2.79998E-3	-1.68723E1
2.80194E-3	-1.66214E1
2.80389E-3	-1.64649E1
2.80584E-3	-1.61682E1
2.8078E-3	-1.61852E1
2.80975E-3	-1.60497E1
2.8117E-3	-1.57987E1
2.81366E-3	-1.58861E1
2.81561E-3	-1.5558E1
2.81756E-3	-1.52569E1
2.81952E-3	-1.51941E1
2.82147E-3	-1.48957E1
2.82342E-3	-1.45122E1
2.82538E-3	-1.41572E1
2.82733E-3	-1.37741E1
2.82928E-3	-1.3354E1
2.83124E-3	-1.30013E1
2.83319E-3	-1.25184E1
2.83514E-3	-1.19626E1
2.8371E-3	-1.14762E1
2.83905E-3	-1.11057E1
2.841E-3	-1.03993E1
2.84295E-3	-1.00183E1
2.84491E-3	-9.51931E0
2.84686E-3	-8.98781E0
2.84881E-3	-8.46122E0
2.85077E-3	-7.77687E0
2.85272E-3	-7.02101E0
2.85467E-3	-7.04719E0
2.85663E-3	-5.88682E0
2.85858E-3	-5.00741E0
2.86053E-3	-4.58233E0
2.86248E-3	-3.88122E0
2.86444E-3	-3.28059E0
2.86639E-3	-2.74716E0
2.86834E-3	-2.30731E0
2.8703E-3	-1.74608E0
2.87225E-3	-1.18493E0
2.8742E-3	-5.87041E-1
2.87616E-3	-2.44514E-1
2.87811E-3	3.46207E-1
2.88006E-3	7.13482E-1
2.88202E-3	1.16477E0
2.88397E-3	1.62935E0
2.88592E-3	1.87471E0
2.88788E-3	2.05699E0
2.88983E-3	2.37824E0
2.89178E-3	2.70496E0
2.89373E-3	2.86361E0
2.89569E-3	2.94884E0
2.89764E-3	3.53023E0
2.89959E-3	3.65642E0
2.90155E-3	4.00962E0
2.9035E-3	4.07432E0
2.90545E-3	4.45519E0
2.90741E-3	4.80121E0
2.90936E-3	4.94027E0
2.91131E-3	5.23879E0
2.91327E-3	5.32722E0
2.91522E-3	5.63933E0
2.91717E-3	5.84607E0
2.91913E-3	6.04388E0
2.92108E-3	6.32616E0
2.92303E-3	6.39315E0
2.92498E-3	6.66744E0
2.92694E-3	6.86724E0
2.92889E-3	7.0645E0
2.93084E-3	7.56177E0
2.9328E-3	7.47511E0
2.93475E-3	7.63648E0
2.9367E-3	8.00685E0
2.93866E-3	8.04576E0
2.94061E-3	8.39707E0
2.94256E-3	8.5853E0
2.94452E-3	8.55181E0
2.94647E-3	8.80096E0
2.94842E-3	8.9094E0
2.95038E-3	8.9446E0
2.95233E-3	9.17318E0
2.95428E-3	9.47106E0
2.95623E-3	9.51532E0
2.95819E-3	9.79057E0
2.96014E-3	1.0087E1
2.96209E-3	1.03083E1
2.96405E-3	1.07431E1
2.966E-3	1.09469E1
2.96795E-3	1.12191E1
2.96991E-3	1.15779E1
2.97186E-3	1.1741E1
2.97381E-3	1.19854E1
2.97577E-3	1.24925E1
2.97772E-3	1.28075E1
2.97967E-3	1.31431E1
2.98163E-3	1.36568E1
2.98358E-3	1.39099E1
2.98553E-3	1.42324E1
2.98748E-3	1.47419E1
2.98944E-3	1.5317E1
2.99139E-3	1.58411E1
2.99334E-3	1.63028E1
2.9953E-3	1.66809E1
2.99725E-3	1.73658E1
2.9992E-3	1.79589E1
3.00116E-3	1.85944E1
3.00311E-3	1.91959E1
3.00506E-3	1.97601E1
3.00702E-3	2.03352E1
3.00897E-3	2.07767E1
3.01092E-3	2.12556E1
3.01288E-3	2.19928E1
3.01483E-3	2.2515E1
3.01678E-3	2.31899E1
3.01873E-3	2.37072E1
3.02069E-3	2.41443E1
3.02264E-3	2.4809E1
3.02459E-3	2.51108E1
3.02655E-3	2.55809E1
3.0285E-3	2.5928E1
3.03045E-3	2.66318E1
3.03241E-3	2.69862E1
3.03436E-3	2.71392E1
3.03631E-3	2.76553E1
3.03827E-3	2.7656E1
3.04022E-3	2.80789E1
3.04217E-3	2.83753E1
3.04413E-3	2.84471E1
3.04608E-3	2.88417E1
3.04803E-3	2.87966E1
3.04998E-3	2.89397E1
3.05194E-3	2.91465E1
3.05389E-3	2.93451E1
3.05584E-3	2.92217E1
3.0578E-3	2.93928E1
3.05975E-3	2.96996E1
3.0617E-3	2.94819E1
3.06366E-3	2.96115E1
3.06561E-3	2.9831E1
3.06756E-3	2.97748E1
3.06952E-3	2.967E1
3.07147E-3	2.97727E1
3.07342E-3	2.97798E1
3.07538E-3	2.96367E1
3.07733E-3	2.94767E1
3.07928E-3	2.92751E1
3.08123E-3	2.92746E1
3.08319E-3	2.92042E1
3.08514E-3	2.88214E1
3.08709E-3	2.87855E1
3.08905E-3	2.86555E1
3.091E-3	2.82974E1
3.09295E-3	2.83661E1
3.09491E-3	2.82384E1
3.09686E-3	2.82181E1
3.09881E-3	2.81675E1
3.10077E-3	2.81646E1
3.10272E-3	2.79087E1
3.10467E-3	2.77773E1
3.10663E-3	2.78553E1
3.10858E-3	2.76748E1
3.11053E-3	2.7821E1
3.11248E-3	2.77049E1
3.11444E-3	2.78032E1
3.11639E-3	2.78949E1
3.11834E-3	2.79079E1
3.1203E-3	2.78066E1
3.12225E-3	2.77782E1
3.1242E-3	2.77148E1
3.12616E-3	2.78464E1
3.12811E-3	2.81138E1
3.13006E-3	2.79694E1
3.13202E-3	2.82503E1
3.13397E-3	2.83449E1
3.13592E-3	2.85354E1
3.13788E-3	2.87078E1
3.13983E-3	2.87499E1
3.14178E-3	2.90838E1
3.14373E-3	2.89436E1
3.14569E-3	2.89882E1
3.14764E-3	2.95641E1
3.14959E-3	2.96517E1
3.15155E-3	2.9763E1
3.1535E-3	2.98593E1
3.15545E-3	3.01145E1
3.15741E-3	3.02451E1
3.15936E-3	3.04912E1
3.16131E-3	3.06195E1
3.16327E-3	3.07684E1
3.16522E-3	3.10226E1
3.16717E-3	3.11592E1
3.16913E-3	3.13044E1
3.17108E-3	3.15334E1
3.17303E-3	3.17783E1
3.17499E-3	3.19118E1
3.17694E-3	3.18453E1
3.17889E-3	3.21207E1
3.18084E-3	3.22044E1
3.1828E-3	3.24206E1
3.18475E-3	3.25431E1
3.1867E-3	3.27279E1
3.18866E-3	3.28717E1
3.19061E-3	3.27376E1
3.19256E-3	3.28361E1
3.19452E-3	3.26462E1
3.19647E-3	3.2487E1
3.19842E-3	3.26454E1
3.20038E-3	3.24204E1
3.20233E-3	3.2212E1
3.20428E-3	3.21659E1
3.20624E-3	3.18288E1
3.20819E-3	3.14827E1
3.21014E-3	3.13125E1
3.2121E-3	3.09309E1
3.21405E-3	3.05659E1
3.216E-3	3.02104E1
3.21795E-3	2.99606E1
3.21991E-3	2.95216E1
3.22186E-3	2.91592E1
3.22381E-3	2.88688E1
3.22577E-3	2.85371E1
3.22772E-3	2.80533E1
3.22967E-3	2.78017E1
3.23163E-3	2.75336E1
3.23358E-3	2.70469E1
3.23553E-3	2.68447E1
3.23749E-3	2.65643E1
3.23944E-3	2.61923E1
3.24139E-3	2.57535E1
3.24334E-3	2.56064E1
3.2453E-3	2.52238E1
3.24725E-3	2.49066E1
3.2492E-3	2.45353E1
3.25116E-3	2.42443E1
3.25311E-3	2.3873E1
3.25506E-3	2.36601E1
3.25702E-3	2.33462E1
3.25897E-3	2.3086E1
3.26092E-3	2.2812E1
3.26288E-3	2.25647E1
3.26483E-3	2.22027E1
3.26678E-3	2.21931E1
3.26873E-3	2.19185E1
3.27069E-3	2.17014E1
3.27264E-3	2.14254E1
3.27459E-3	2.13966E1
3.27655E-3	2.12937E1
3.2785E-3	2.08444E1
3.28045E-3	2.11315E1
3.28241E-3	2.08746E1
3.28436E-3	2.05934E1
3.28631E-3	2.05956E1
3.28827E-3	2.05421E1
3.29022E-3	2.05169E1
3.29217E-3	2.04793E1
3.29413E-3	2.04401E1
3.29608E-3	2.04178E1
3.29803E-3	2.03585E1
3.29998E-3	2.03715E1
3.30194E-3	2.01487E1
3.30389E-3	1.9845E1
3.30584E-3	1.98625E1
3.3078E-3	1.97936E1
3.30975E-3	1.98035E1
3.3117E-3	1.98515E1
3.31366E-3	1.97314E1
3.31561E-3	1.96586E1
3.31756E-3	1.96424E1
3.31952E-3	1.95881E1
3.32147E-3	1.95843E1
3.32342E-3	1.95995E1
3.32538E-3	1.94838E1
3.32733E-3	1.94628E1
3.32928E-3	1.94213E1
3.33124E-3	1.93895E1
3.33319E-3	1.93527E1
3.33514E-3	1.93184E1
3.33709E-3	1.92829E1
3.33905E-3	1.92482E1
3.341E-3	1.9212E1
3.34295E-3	1.91794E1
3.34491E-3	1.91387E1
3.34686E-3	1.91148E1
3.34881E-3	1.90562E1
3.35077E-3	1.91186E1
3.35272E-3	1.90028E1
3.35467E-3	1.89953E1
3.35663E-3	1.86906E1
3.35858E-3	1.85441E1
3.36053E-3	1.85016E1
3.36248E-3	1.85105E1
3.36444E-3	1.84858E1
3.36639E-3	1.83431E1
3.36834E-3	1.83477E1
3.3703E-3	1.81489E1
3.37225E-3	1.8066E1
3.3742E-3	1.81805E1
3.37616E-3	1.79347E1
3.37811E-3	1.76495E1
3.38006E-3	1.77956E1
3.38202E-3	1.75131E1
3.38397E-3	1.72503E1
3.38592E-3	1.72152E1
3.38788E-3	1.68199E1
3.38983E-3	1.67817E1
3.39178E-3	1.65277E1
3.39373E-3	1.62104E1
3.39569E-3	1.60632E1
3.39764E-3	1.59367E1
3.3996E-3	1.56699E1
3.40155E-3	1.53847E1
3.4035E-3	1.50845E1
3.40545E-3	1.47187E1
3.40741E-3	1.46782E1
3.40936E-3	1.43462E1
3.41131E-3	1.37961E1
3.41327E-3	1.36576E1
3.41522E-3	1.34124E1
3.41717E-3	1.3109E1
3.41913E-3	1.29016E1
3.42108E-3	1.2476E1
3.42303E-3	1.21727E1
3.42498E-3	1.19445E1
3.42694E-3	1.17566E1
3.42889E-3	1.17201E1
3.43085E-3	1.13843E1
3.4328E-3	1.09773E1
3.43475E-3	1.0879E1
3.4367E-3	1.06335E1
3.43866E-3	1.03239E1
3.44061E-3	1.01317E1
3.44256E-3	9.87401E0
3.44452E-3	9.91309E0
3.44647E-3	9.53597E0
3.44842E-3	9.3875E0
3.45038E-3	9.36808E0
3.45233E-3	8.9547E0
3.45428E-3	8.98764E0
3.45624E-3	8.60075E0
3.45819E-3	8.62053E0
3.46014E-3	8.63712E0
3.4621E-3	8.36118E0
3.46405E-3	8.16596E0
3.466E-3	8.04543E0
3.46795E-3	8.13789E0
3.46991E-3	7.97105E0
3.47186E-3	7.83047E0
3.47381E-3	7.83279E0
3.47577E-3	7.76879E0
3.47772E-3	7.60541E0
3.47967E-3	7.62547E0
3.48163E-3	7.67564E0
3.48358E-3	7.6463E0
3.48553E-3	7.48237E0
3.48748E-3	7.45305E0
3.48944E-3	7.44116E0
3.49139E-3	7.07263E0
3.49334E-3	7.02561E0
3.4953E-3	7.05148E0
3.49725E-3	6.98895E0
3.4992E-3	6.96965E0
3.50116E-3	6.92223E0
3.50311E-3	6.8958E0
3.50506E-3	6.85051E0
3.50702E-3	6.8274E0
3.50897E-3	6.68791E0
3.51092E-3	6.67485E0
3.51288E-3	6.72389E0
3.51483E-3	6.67096E0
3.51678E-3	6.64285E0
3.51874E-3	6.60457E0
3.52069E-3	6.56633E0
3.52264E-3	6.53832E0
3.5246E-3	6.487E0
3.52655E-3	6.47875E0
3.5285E-3	6.3895E0
3.53045E-3	6.5511E0
3.53241E-3	6.76662E0
3.53436E-3	6.7103E0
3.53631E-3	6.55559E0
3.53827E-3	6.58931E0
3.54022E-3	6.53531E0
3.54217E-3	6.48025E0
3.54413E-3	6.39035E0
3.54608E-3	6.5067E0
3.54803E-3	6.71078E0
3.54998E-3	6.64189E0
3.55194E-3	6.5017E0
3.55389E-3	6.50696E0
3.55584E-3	6.91952E0
3.5578E-3	6.70591E0
3.55975E-3	6.81727E0
3.5617E-3	7.01497E0
3.56366E-3	6.92696E0
3.56561E-3	6.94021E0
3.56756E-3	6.83431E0
3.56952E-3	7.0918E0
3.57147E-3	7.18761E0
3.57342E-3	7.0891E0
3.57538E-3	7.14084E0
3.57733E-3	7.37633E0
3.57928E-3	7.34779E0
3.58123E-3	7.29419E0
3.58319E-3	7.27314E0
3.58514E-3	7.37217E0
3.58709E-3	7.39122E0
3.58905E-3	7.578E0
3.591E-3	7.53579E0
3.59295E-3	7.36503E0
3.59491E-3	7.36292E0
3.59686E-3	7.37812E0
3.59881E-3	7.16565E0
3.60077E-3	7.07649E0
3.60272E-3	7.44215E0
3.60467E-3	7.38682E0
3.60663E-3	7.32476E0
3.60858E-3	7.27984E0
3.61053E-3	7.30516E0
3.61248E-3	7.35819E0
3.61444E-3	7.14628E0
3.61639E-3	7.17577E0
3.61834E-3	7.07201E0
3.6203E-3	7.31128E0
3.62225E-3	7.46187E0
3.6242E-3	7.37419E0
3.62616E-3	7.37074E0
3.62811E-3	7.30718E0
3.63006E-3	7.29971E0
3.63202E-3	7.22339E0
3.63397E-3	7.29795E0
3.63592E-3	7.57834E0
3.63788E-3	7.52352E0
3.63983E-3	7.49674E0
3.64178E-3	7.45689E0
3.64373E-3	7.42011E0
3.64569E-3	7.38727E0
3.64764E-3	7.35482E0
3.6496E-3	7.60823E0
3.65155E-3	7.66465E0
3.6535E-3	7.47735E0
3.65545E-3	7.5434E0
3.65741E-3	7.47626E0
3.65936E-3	7.41371E0
3.66131E-3	7.50792E0
3.66327E-3	7.43849E0
3.66522E-3	7.41863E0
3.66717E-3	7.37409E0
3.66913E-3	7.34068E0
3.67108E-3	7.306E0
3.67303E-3	7.26021E0
3.67498E-3	7.10866E0
3.67694E-3	7.15348E0
3.67889E-3	7.19074E0
3.68084E-3	7.06299E0
3.6828E-3	7.0615E0
3.68475E-3	6.83219E0
3.6867E-3	6.57822E0
3.68866E-3	6.61546E0
3.69061E-3	6.52291E0
3.69256E-3	6.55249E0
3.69452E-3	6.2402E0
3.69647E-3	6.01811E0
3.69842E-3	6.03258E0
3.70038E-3	5.96261E0
3.70233E-3	5.95761E0
3.70428E-3	5.6005E0
3.70623E-3	5.44615E0
3.70819E-3	5.52841E0
3.71014E-3	5.3798E0
3.7121E-3	5.24777E0
3.71405E-3	5.06448E0
3.716E-3	5.08712E0
3.71795E-3	4.73783E0
3.71991E-3	4.79709E0
3.72186E-3	4.67484E0
3.72381E-3	4.28991E0
3.72577E-3	4.31987E0
3.72772E-3	4.22725E0
3.72967E-3	3.83949E0
3.73163E-3	3.86836E0
3.73358E-3	3.56904E0
3.73553E-3	3.3147E0
3.73748E-3	3.44864E0
3.73944E-3	3.09585E0
3.74139E-3	3.05834E0
3.74334E-3	2.75593E0
3.7453E-3	2.70637E0
3.74725E-3	2.71626E0
3.7492E-3	2.29228E0
3.75116E-3	2.3283E0
3.75311E-3	1.94397E0
3.75506E-3	1.81734E0
3.75702E-3	1.77087E0
3.75897E-3	1.39181E0
3.76092E-3	1.35815E0
3.76288E-3	1.20049E0
3.76483E-3	9.08945E-1
3.76678E-3	1.12855E0
3.76873E-3	6.80297E-1
3.77069E-3	7.07533E-1
3.77264E-3	5.03417E-1
3.7746E-3	2.59747E-1
3.77655E-3	2.56565E-1
3.7785E-3	-1.557E-1
3.78045E-3	-1.99268E-1
3.78241E-3	-2.79009E-1
3.78436E-3	-6.35382E-1
3.78631E-3	-6.86348E-1
3.78827E-3	-8.66987E-1
3.79022E-3	-1.10247E0
3.79217E-3	-1.03957E0
3.79413E-3	-1.37565E0
3.79608E-3	-1.56387E0
3.79803E-3	-1.54505E0
3.79998E-3	-1.42859E0
3.80194E-3	-1.60667E0
3.80389E-3	-1.86069E0
3.80584E-3	-1.81507E0
3.8078E-3	-2.02149E0
3.80975E-3	-1.96452E0
3.8117E-3	-2.25266E0
3.81366E-3	-2.41731E0
3.81561E-3	-2.4077E0
3.81756E-3	-2.47075E0
3.81952E-3	-2.49131E0
3.82147E-3	-2.53651E0
3.82342E-3	-2.57042E0
3.82538E-3	-2.60386E0
3.82733E-3	-2.65061E0
3.82928E-3	-2.66349E0
3.83124E-3	-2.89272E0
3.83319E-3	-3.13601E0
3.83514E-3	-3.18015E0
3.83709E-3	-3.21567E0
3.83905E-3	-3.25693E0
3.841E-3	-3.28415E0
3.84295E-3	-3.33883E0
3.84491E-3	-3.58167E0
3.84686E-3	-3.64266E0
3.84881E-3	-3.82771E0
3.85077E-3	-3.78113E0
3.85272E-3	-3.91176E0
3.85467E-3	-4.07156E0
3.85663E-3	-4.05115E0
3.85858E-3	-4.05494E0
3.86053E-3	-4.31009E0
3.86248E-3	-4.50155E0
3.86444E-3	-4.49111E0
3.86639E-3	-4.56814E0
3.86834E-3	-4.54919E0
3.8703E-3	-4.8546E0
3.87225E-3	-5.08151E0
3.8742E-3	-5.06547E0
3.87616E-3	-5.13366E0
3.87811E-3	-5.14585E0
3.88006E-3	-5.22129E0
3.88202E-3	-5.59767E0
3.88397E-3	-5.65729E0
3.88592E-3	-5.70401E0
3.88788E-3	-5.71023E0
3.88983E-3	-5.82073E0
3.89178E-3	-6.10725E0
3.89373E-3	-6.1414E0
3.89569E-3	-6.14013E0
3.89764E-3	-6.16632E0
3.89959E-3	-6.51184E0
3.90155E-3	-6.38517E0
3.9035E-3	-6.55126E0
3.90545E-3	-6.49357E0
3.90741E-3	-6.83104E0
3.90936E-3	-6.97138E0
3.91131E-3	-6.99102E0
3.91327E-3	-7.283E0
3.91522E-3	-7.44324E0
3.91717E-3	-7.43562E0
3.91913E-3	-7.52806E0
3.92108E-3	-7.78683E0
3.92303E-3	-7.98655E0
3.92498E-3	-7.95354E0
3.92694E-3	-8.25515E0
3.92889E-3	-8.50051E0
3.93084E-3	-8.44298E0
3.9328E-3	-8.64052E0
3.93475E-3	-8.85778E0
3.9367E-3	-8.89328E0
3.93866E-3	-9.14581E0
3.94061E-3	-9.20402E0
3.94256E-3	-9.2652E0
3.94452E-3	-9.52341E0
3.94647E-3	-9.55954E0
3.94842E-3	-9.89731E0
3.95038E-3	-1.00635E1
3.95233E-3	-1.00337E1
3.95428E-3	-1.03468E1
3.95623E-3	-1.04761E1
3.95819E-3	-1.05508E1
3.96014E-3	-1.09762E1
3.96209E-3	-1.07898E1
3.96405E-3	-1.08307E1
3.966E-3	-1.11896E1
3.96795E-3	-1.12716E1
3.96991E-3	-1.16182E1
3.97186E-3	-1.15634E1
3.97381E-3	-1.17299E1
3.97577E-3	-1.20846E1
3.97772E-3	-1.20809E1
3.97967E-3	-1.246E1
3.98163E-3	-1.25376E1
3.98358E-3	-1.25414E1
3.98553E-3	-1.29518E1
3.98748E-3	-1.27728E1
3.98944E-3	-1.30358E1
3.99139E-3	-1.32498E1
3.99334E-3	-1.31043E1
3.9953E-3	-1.34211E1
3.99725E-3	-1.37351E1
3.9992E-3	-1.36251E1
4.00116E-3	-1.39577E1
4.00311E-3	-1.41747E1
4.00506E-3	-1.41556E1
4.00702E-3	-1.45263E1
4.00897E-3	-1.46624E1
4.01092E-3	-1.47012E1
4.01288E-3	-1.50929E1
4.01483E-3	-1.5047E1
4.01678E-3	-1.50417E1
4.01873E-3	-1.55623E1
4.02069E-3	-1.52795E1
4.02264E-3	-1.56126E1
4.02459E-3	-1.58323E1
4.02655E-3	-1.57743E1
4.0285E-3	-1.59019E1
4.03045E-3	-1.61944E1
4.03241E-3	-1.62741E1
4.03436E-3	-1.62555E1
4.03631E-3	-1.65662E1
4.03827E-3	-1.6781E1
4.04022E-3	-1.67867E1
4.04217E-3	-1.68145E1
4.04413E-3	-1.70481E1
4.04608E-3	-1.71575E1
4.04803E-3	-1.71479E1
4.04998E-3	-1.74764E1
4.05194E-3	-1.7543E1
4.05389E-3	-1.74718E1
4.05584E-3	-1.782E1
4.0578E-3	-1.79745E1
4.05975E-3	-1.79438E1
4.0617E-3	-1.83446E1
4.06366E-3	-1.84183E1
4.06561E-3	-1.84057E1
4.06756E-3	-1.86366E1
4.06952E-3	-1.89271E1
4.07147E-3	-1.89389E1
4.07342E-3	-1.89598E1
4.07538E-3	-1.93363E1
4.07733E-3	-1.93965E1
4.07928E-3	-1.93589E1
4.08123E-3	-1.93917E1
4.08319E-3	-1.96176E1
4.08514E-3	-1.98411E1
4.08709E-3	-1.97766E1
4.08905E-3	-1.99337E1
4.091E-3	-1.99388E1
4.09295E-3	-2.01226E1
4.09491E-3	-2.01536E1
4.09686E-3	-2.02147E1
4.09881E-3	-2.03057E1
4.10077E-3	-2.02593E1
4.10272E-3	-2.03106E1
4.10467E-3	-2.03417E1
4.10663E-3	-2.04575E1
4.10858E-3	-2.04173E1
4.11053E-3	-2.04511E1
4.11248E-3	-2.04909E1
4.11444E-3	-2.05246E1
4.11639E-3	-2.05623E1
4.11834E-3	-2.06032E1
4.1203E-3	-2.05176E1
4.12225E-3	-2.05704E1
4.1242E-3	-2.0498E1
4.12616E-3	-2.04713E1
4.12811E-3	-2.03906E1
4.13006E-3	-2.0405E1
4.13202E-3	-2.03666E1
4.13397E-3	-2.0324E1
4.13592E-3	-2.02939E1
4.13788E-3	-2.01714E1
4.13983E-3	-2.02201E1
4.14178E-3	-2.02635E1
4.14373E-3	-1.99927E1
4.14569E-3	-1.9908E1
4.14764E-3	-2.00002E1
4.1496E-3	-1.96969E1
4.15155E-3	-1.96714E1
4.1535E-3	-1.98245E1
4.15545E-3	-1.96238E1
4.15741E-3	-1.94957E1
4.15936E-3	-1.93674E1
4.16131E-3	-1.94021E1
4.16327E-3	-1.9197E1
4.16522E-3	-1.91015E1
4.16717E-3	-1.91674E1
4.16913E-3	-1.88165E1
4.17108E-3	-1.88746E1
4.17303E-3	-1.88E1
4.17499E-3	-1.85212E1
4.17694E-3	-1.85735E1
4.17889E-3	-1.84482E1
4.18085E-3	-1.85641E1
4.1828E-3	-1.81918E1
4.18475E-3	-1.82516E1
4.1867E-3	-1.78722E1
4.18866E-3	-1.79702E1
4.19061E-3	-1.79016E1
4.19256E-3	-1.76771E1
4.19452E-3	-1.7583E1
4.19647E-3	-1.73488E1
4.19842E-3	-1.73555E1
4.20038E-3	-1.71729E1
4.20233E-3	-1.70376E1
4.20428E-3	-1.68289E1
4.20624E-3	-1.6778E1
4.20819E-3	-1.66061E1
4.21014E-3	-1.65613E1
4.21209E-3	-1.64702E1
4.21405E-3	-1.63131E1
4.216E-3	-1.61483E1
4.21795E-3	-1.59584E1
4.21991E-3	-1.6036E1
4.22186E-3	-1.56933E1
4.22381E-3	-1.54716E1
4.22577E-3	-1.56381E1
4.22772E-3	-1.53472E1
4.22967E-3	-1.52621E1
4.23163E-3	-1.50723E1
4.23358E-3	-1.48921E1
4.23553E-3	-1.47754E1
4.23748E-3	-1.45805E1
4.23944E-3	-1.46342E1
4.24139E-3	-1.44308E1
4.24335E-3	-1.43504E1
4.2453E-3	-1.41406E1
4.24725E-3	-1.4009E1
4.2492E-3	-1.39266E1
4.25116E-3	-1.36498E1
4.25311E-3	-1.35069E1
4.25506E-3	-1.33886E1
4.25702E-3	-1.31889E1
4.25897E-3	-1.30321E1
4.26092E-3	-1.30951E1
4.26288E-3	-1.29591E1
4.26483E-3	-1.27128E1
4.26678E-3	-1.26054E1
4.26874E-3	-1.24369E1
4.27069E-3	-1.22669E1
4.27264E-3	-1.21813E1
4.27459E-3	-1.20584E1
4.27655E-3	-1.20864E1
4.2785E-3	-1.21323E1
4.28045E-3	-1.18216E1
4.28241E-3	-1.16943E1
4.28436E-3	-1.15836E1
4.28631E-3	-1.14757E1
4.28827E-3	-1.12423E1
4.29022E-3	-1.12468E1
4.29217E-3	-1.09902E1
4.29413E-3	-1.10253E1
4.29608E-3	-1.0789E1
4.29803E-3	-1.0621E1
4.29998E-3	-1.0612E1
4.30194E-3	-1.06146E1
4.30389E-3	-1.03903E1
4.30585E-3	-1.04002E1
4.3078E-3	-1.00816E1
4.30975E-3	-1.01219E1
4.3117E-3	-9.96999E0
4.31366E-3	-9.79527E0
4.31561E-3	-9.6054E0
4.31756E-3	-9.5748E0
4.31952E-3	-9.47364E0
4.32147E-3	-9.33363E0
4.32342E-3	-9.19514E0
4.32538E-3	-9.12206E0
4.32733E-3	-8.99733E0
4.32928E-3	-8.83143E0
4.33124E-3	-8.65E0
4.33319E-3	-8.6006E0
4.33514E-3	-8.40105E0
4.3371E-3	-8.41596E0
4.33905E-3	-8.25661E0
4.341E-3	-8.2514E0
4.34295E-3	-8.06458E0
4.34491E-3	-7.83523E0
4.34686E-3	-7.66119E0
4.34881E-3	-7.66425E0
4.35077E-3	-7.40217E0
4.35272E-3	-7.27187E0
