temps	chemin
-4.02E-7	-1.84254E-2
1.551E-6	-2.99662E-2
3.504E-6	-2.05803E-4
5.457E-6	8.90787E-3
7.41E-6	2.82698E-2
9.363E-6	4.62459E-2
1.1316E-5	5.29332E-2
1.3269E-5	1.45188E-1
1.5223E-5	1.17418E-1
1.7176E-5	9.33212E-2
1.9129E-5	1.49004E-1
2.1082E-5	2.132E-1
2.3035E-5	1.46325E-1
2.4988E-5	1.85666E-1
2.6941E-5	1.74992E-1
2.8894E-5	2.66165E-1
3.0848E-5	2.63814E-1
3.2801E-5	2.25489E-1
3.4754E-5	2.68379E-1
3.6707E-5	3.97754E-1
3.866E-5	3.21848E-1
4.0613E-5	2.9321E-1
4.2566E-5	3.29358E-1
4.4519E-5	3.32383E-1
4.6472E-5	3.58489E-1
4.8426E-5	4.45194E-1
5.0379E-5	3.89244E-1
5.2332E-5	4.01364E-1
5.4285E-5	4.1736E-1
5.6238E-5	4.92161E-1
5.8191E-5	5.11244E-1
6.0144E-5	5.15238E-1
6.2097E-5	4.78197E-1
6.4051E-5	4.95356E-1
6.6004E-5	6.09409E-1
6.7957E-5	2.16505E-1
6.991E-5	2.13541E-1
7.1863E-5	3.02002E-1
7.3816E-5	2.23385E-1
7.577E-5	3.62779E-1
7.7723E-5	2.30791E-1
7.9676E-5	2.95818E-1
8.1629E-5	3.43694E-1
8.3582E-5	3.02727E-1
8.5535E-5	3.97981E-1
8.7488E-5	3.88173E-1
8.9441E-5	3.61803E-1
9.1394E-5	4.36115E-1
9.3348E-5	4.07228E-1
9.5301E-5	5.7051E-1
9.7254E-5	5.44068E-1
9.9207E-5	6.03746E-1
1.0116E-4	5.46604E-1
1.03113E-4	5.59824E-1
1.05066E-4	4.36907E-1
1.07019E-4	6.55765E-1
1.08973E-4	8.42428E-1
1.10926E-4	8.90362E-1
1.12879E-4	8.89151E-1
1.14832E-4	9.7353E-1
1.16785E-4	9.74248E-1
1.18738E-4	9.34242E-1
1.20691E-4	9.73611E-1
1.22644E-4	9.75764E-1
1.24598E-4	1.0006E0
1.26551E-4	1.01022E0
1.28504E-4	1.03103E0
1.30457E-4	1.04238E0
1.3241E-4	1.06311E0
1.34363E-4	1.15106E0
1.36316E-4	1.09707E0
1.38269E-4	1.10073E0
1.40223E-4	1.13547E0
1.42176E-4	1.11881E0
1.44129E-4	1.22241E0
1.46082E-4	1.19481E0
1.48035E-4	1.23168E0
1.49988E-4	1.2499E0
1.51941E-4	1.19992E0
1.53894E-4	1.24515E0
1.55848E-4	1.24337E0
1.57801E-4	1.27065E0
1.59754E-4	1.27773E0
1.61707E-4	1.30164E0
1.6366E-4	1.30734E0
1.65613E-4	1.33774E0
1.67566E-4	1.32877E0
1.69519E-4	1.40227E0
1.71472E-4	1.42981E0
1.73426E-4	1.3838E0
1.75379E-4	1.47792E0
1.77332E-4	1.49764E0
1.79285E-4	1.44832E0
1.81238E-4	1.46367E0
1.83191E-4	1.44031E0
1.85145E-4	1.61038E0
1.87097E-4	1.54699E0
1.89051E-4	1.64873E0
1.91004E-4	1.9679E0
1.92957E-4	1.91515E0
1.9491E-4	1.96731E0
1.96863E-4	1.96183E0
1.98816E-4	1.9893E0
2.0077E-4	1.99847E0
2.02723E-4	2.01709E0
2.04676E-4	2.03133E0
2.06629E-4	2.04722E0
2.08582E-4	2.06268E0
2.10535E-4	2.07814E0
2.12488E-4	2.09362E0
2.14441E-4	2.10909E0
2.16394E-4	2.12453E0
2.18348E-4	2.14013E0
2.20301E-4	2.15509E0
2.22254E-4	2.1715E0
2.24207E-4	2.18524E0
2.2616E-4	2.20324E0
2.28113E-4	2.21494E0
2.30066E-4	2.23546E0
2.32019E-4	2.24345E0
2.33973E-4	2.27205E0
2.35926E-4	2.31112E0
2.37879E-4	2.22627E0
2.39832E-4	2.5521E0
2.41785E-4	2.74807E0
2.43738E-4	2.70706E0
2.45691E-4	2.77347E0
2.47644E-4	2.69096E0
2.49598E-4	2.75285E0
2.51551E-4	2.76695E0
2.53504E-4	2.73819E0
2.55457E-4	2.84788E0
2.5741E-4	2.81781E0
2.59363E-4	2.87491E0
2.61316E-4	2.82286E0
2.63269E-4	2.75103E0
2.65222E-4	2.91067E0
2.67176E-4	2.90804E0
2.69129E-4	2.93243E0
2.71082E-4	2.86224E0
2.73035E-4	2.96473E0
2.74988E-4	2.96466E0
2.76941E-4	2.92937E0
2.78894E-4	2.88832E0
2.80848E-4	3.27168E0
2.82801E-4	3.32792E0
2.84754E-4	3.18971E0
2.86707E-4	3.334E0
2.8866E-4	3.48402E0
2.90613E-4	3.48554E0
2.92567E-4	3.43018E0
2.94519E-4	3.31937E0
2.96472E-4	3.38648E0
2.98425E-4	3.34186E0
3.00379E-4	3.15145E0
3.02332E-4	3.39165E0
3.04285E-4	3.50755E0
3.06238E-4	3.43366E0
3.08191E-4	3.5915E0
3.10144E-4	3.33665E0
3.12098E-4	3.30792E0
3.14051E-4	3.6089E0
3.16004E-4	3.558E0
3.17957E-4	3.56799E0
3.1991E-4	3.5796E0
3.21863E-4	3.65836E0
3.23816E-4	3.72262E0
3.2577E-4	3.75961E0
3.27723E-4	3.8536E0
3.29676E-4	3.92951E0
3.31629E-4	3.80985E0
3.33582E-4	3.88604E0
3.35535E-4	3.84031E0
3.37488E-4	3.99051E0
3.39441E-4	3.99686E0
3.41394E-4	3.98295E0
3.43347E-4	3.86773E0
3.45301E-4	3.96473E0
3.47254E-4	3.96893E0
3.49207E-4	4.06076E0
3.5116E-4	4.12493E0
3.53113E-4	4.07203E0
3.55066E-4	4.1093E0
3.5702E-4	4.03573E0
3.58973E-4	4.16602E0
3.60926E-4	4.04338E0
3.62879E-4	4.20249E0
3.64832E-4	4.11462E0
3.66785E-4	4.18382E0
3.68738E-4	4.20935E0
3.70691E-4	4.06069E0
3.72644E-4	4.18822E0
3.74597E-4	4.18659E0
3.76551E-4	4.42866E0
3.78504E-4	4.60633E0
3.80457E-4	4.54281E0
3.8241E-4	4.57831E0
3.84363E-4	4.58889E0
3.86316E-4	4.59193E0
3.88269E-4	4.73187E0
3.90223E-4	4.69005E0
3.92176E-4	4.63122E0
3.94129E-4	4.66446E0
3.96082E-4	4.67694E0
3.98035E-4	4.67787E0
3.99988E-4	4.74169E0
4.01942E-4	4.77589E0
4.03894E-4	4.71892E0
4.05847E-4	4.75046E0
4.07801E-4	4.76397E0
4.09754E-4	4.76386E0
4.11707E-4	4.84449E0
4.1366E-4	4.84905E0
4.15613E-4	4.7962E0
4.17566E-4	4.85541E0
4.19519E-4	4.8136E0
4.21473E-4	4.99969E0
4.23426E-4	4.92472E0
4.25379E-4	4.88739E0
4.27332E-4	4.98969E0
4.29285E-4	4.89913E0
4.31238E-4	4.94544E0
4.33191E-4	4.93772E0
4.35145E-4	4.97194E0
4.37098E-4	4.96116E0
4.39051E-4	5.02913E0
4.41004E-4	5.06432E0
4.42957E-4	5.00065E0
4.4491E-4	5.04439E0
4.46863E-4	5.03634E0
4.48816E-4	5.07902E0
4.50769E-4	5.15198E0
4.52723E-4	5.06874E0
4.54676E-4	5.13193E0
4.56629E-4	5.17626E0
4.58582E-4	5.19508E0
4.60535E-4	5.16792E0
4.62488E-4	5.15121E0
4.64441E-4	5.17688E0
4.66395E-4	5.19496E0
4.68348E-4	5.29538E0
4.70301E-4	5.27617E0
4.72254E-4	5.22512E0
4.74207E-4	5.24613E0
4.7616E-4	5.25725E0
4.78113E-4	5.27279E0
4.80066E-4	5.28586E0
4.82019E-4	5.30032E0
4.83972E-4	5.31404E0
4.85926E-4	5.32806E0
4.87879E-4	5.34199E0
4.89832E-4	5.35571E0
4.91785E-4	5.3702E0
4.93738E-4	5.38273E0
4.95691E-4	5.39926E0
4.97645E-4	5.40845E0
4.99598E-4	5.42998E0
5.01551E-4	5.43163E0
5.03504E-4	5.465E0
5.05457E-4	5.44395E0
5.0741E-4	5.56587E0
5.09363E-4	5.89745E0
5.11316E-4	5.89201E0
5.13269E-4	5.91598E0
5.15222E-4	5.9246E0
5.17176E-4	5.94068E0
5.19129E-4	5.95358E0
5.21082E-4	5.96738E0
5.23035E-4	5.98128E0
5.24988E-4	5.99473E0
5.26941E-4	6.00859E0
5.28894E-4	6.02217E0
5.30848E-4	6.03582E0
5.32801E-4	6.04946E0
5.34754E-4	6.06308E0
5.36707E-4	6.0767E0
5.3866E-4	6.0903E0
5.40613E-4	6.10388E0
5.42567E-4	6.11746E0
5.4452E-4	6.13102E0
5.46473E-4	6.14457E0
5.48426E-4	6.15811E0
5.50379E-4	6.17163E0
5.52332E-4	6.18515E0
5.54285E-4	6.19864E0
5.56238E-4	6.21213E0
5.58191E-4	6.2256E0
5.60144E-4	6.23906E0
5.62098E-4	6.25251E0
5.64051E-4	6.26594E0
5.66004E-4	6.27937E0
5.67957E-4	6.29277E0
5.6991E-4	6.30617E0
5.71863E-4	6.31955E0
5.73816E-4	6.33292E0
5.7577E-4	6.34628E0
5.77723E-4	6.35962E0
5.79676E-4	6.37295E0
5.81629E-4	6.38627E0
5.83582E-4	6.39958E0
5.85535E-4	6.41287E0
5.87488E-4	6.42615E0
5.89441E-4	6.43941E0
5.91394E-4	6.45266E0
5.93347E-4	6.4659E0
5.95301E-4	6.47913E0
5.97254E-4	6.49234E0
5.99207E-4	6.50554E0
6.0116E-4	6.51873E0
6.03113E-4	6.5319E0
6.05066E-4	6.54506E0
6.0702E-4	6.5582E0
6.08973E-4	6.57134E0
6.10926E-4	6.58446E0
6.12879E-4	6.59756E0
6.14832E-4	6.61066E0
6.16785E-4	6.62374E0
6.18738E-4	6.6368E0
6.20691E-4	6.64986E0
6.22644E-4	6.6629E0
6.24597E-4	6.67592E0
6.26551E-4	6.68894E0
6.28504E-4	6.70193E0
6.30457E-4	6.71492E0
6.3241E-4	6.72789E0
6.34363E-4	6.74085E0
6.36316E-4	6.7538E0
6.38269E-4	6.76673E0
6.40223E-4	6.77965E0
6.42176E-4	6.79255E0
6.44129E-4	6.80545E0
6.46082E-4	6.81832E0
6.48035E-4	6.83119E0
6.49988E-4	6.84404E0
6.51942E-4	6.85688E0
6.53895E-4	6.8697E0
6.55848E-4	6.88251E0
6.578E-4	6.8953E0
6.59754E-4	6.90809E0
6.61707E-4	6.92086E0
6.6366E-4	6.93361E0
6.65613E-4	6.94635E0
6.67566E-4	6.95908E0
6.69519E-4	6.97179E0
6.71473E-4	6.98449E0
6.73426E-4	6.99718E0
6.75379E-4	7.00985E0
6.77332E-4	7.02251E0
6.79285E-4	7.03515E0
6.81238E-4	7.04778E0
6.83191E-4	7.0604E0
6.85145E-4	7.073E0
6.87098E-4	7.08559E0
6.89051E-4	7.09817E0
6.91004E-4	7.11073E0
6.92957E-4	7.12328E0
6.9491E-4	7.13581E0
6.96863E-4	7.14833E0
6.98816E-4	7.16084E0
7.00769E-4	7.17333E0
7.02722E-4	7.1858E0
7.04676E-4	7.19827E0
7.06629E-4	7.21072E0
7.08582E-4	7.22315E0
7.10535E-4	7.23557E0
7.12488E-4	7.24798E0
7.14441E-4	7.26037E0
7.16395E-4	7.27284E0
7.18348E-4	7.28502E0
7.20301E-4	7.29763E0
7.22254E-4	7.3097E0
7.24207E-4	7.32211E0
7.2616E-4	7.3349E0
7.28113E-4	7.34536E0
7.30066E-4	7.36218E0
7.32019E-4	7.36463E0
7.33972E-4	7.39679E0
7.35926E-4	7.08617E0
7.37879E-4	7.055E0
7.39832E-4	7.09553E0
7.41785E-4	7.09193E0
7.43738E-4	7.03502E0
7.45691E-4	7.0954E0
7.47644E-4	7.13242E0
7.49598E-4	7.14135E0
7.51551E-4	7.14154E0
7.53504E-4	7.10675E0
7.55457E-4	7.11889E0
7.5741E-4	7.19406E0
7.59363E-4	7.18965E0
7.61317E-4	7.15364E0
7.6327E-4	7.17027E0
7.65222E-4	7.25783E0
7.67175E-4	7.29283E0
7.69129E-4	7.21093E0
7.71082E-4	7.2104E0
7.73035E-4	7.29382E0
7.74988E-4	7.28221E0
7.76941E-4	7.2536E0
7.78894E-4	7.26027E0
7.80848E-4	7.34121E0
7.82801E-4	7.32812E0
7.84754E-4	7.31006E0
7.86707E-4	7.40131E0
7.8866E-4	7.44554E0
7.90613E-4	7.37771E0
7.92566E-4	7.342E0
7.9452E-4	7.3551E0
7.96473E-4	6.99153E0
7.98426E-4	7.14485E0
8.00379E-4	7.3153E0
8.02332E-4	7.08461E0
8.04285E-4	7.16523E0
8.06238E-4	7.11139E0
8.08191E-4	7.09689E0
8.10144E-4	7.154E0
8.12097E-4	7.19109E0
8.14051E-4	7.23171E0
8.16004E-4	7.20782E0
8.17957E-4	7.21156E0
8.1991E-4	7.22313E0
8.21863E-4	7.30177E0
8.23816E-4	7.31995E0
8.2577E-4	7.37926E0
8.27723E-4	7.33406E0
8.29676E-4	7.38661E0
8.31629E-4	7.25269E0
8.33582E-4	7.21767E0
8.35535E-4	7.42568E0
8.37488E-4	7.3847E0
8.39441E-4	7.23373E0
8.41394E-4	7.11168E0
8.43347E-4	7.29369E0
8.45301E-4	7.17454E0
8.47254E-4	7.17554E0
8.49207E-4	7.20355E0
8.5116E-4	7.04709E0
8.53113E-4	7.13537E0
8.55066E-4	7.2126E0
8.57019E-4	7.13635E0
8.58973E-4	7.34467E0
8.60926E-4	7.23245E0
8.62879E-4	7.13879E0
8.64832E-4	7.2496E0
8.66785E-4	7.20687E0
8.68738E-4	7.14918E0
8.70692E-4	7.16103E0
8.72645E-4	7.00348E0
8.74597E-4	7.08872E0
8.76551E-4	7.01238E0
8.78504E-4	7.03331E0
8.80457E-4	7.08161E0
8.8241E-4	7.02223E0
8.84363E-4	7.12452E0
8.86316E-4	7.11592E0
8.88269E-4	7.13551E0
8.90223E-4	7.14479E0
8.92176E-4	7.1419E0
8.94129E-4	6.88473E0
8.96082E-4	6.74968E0
8.98035E-4	6.85455E0
8.99988E-4	6.84613E0
9.01941E-4	6.84879E0
9.03895E-4	6.89221E0
9.05848E-4	6.82563E0
9.07801E-4	6.85836E0
9.09754E-4	6.86752E0
9.11707E-4	6.9666E0
9.1366E-4	6.5565E0
9.15613E-4	6.56041E0
9.17566E-4	6.54383E0
9.19519E-4	6.51292E0
9.21473E-4	6.54656E0
9.23426E-4	6.54449E0
9.25379E-4	6.52856E0
9.27332E-4	6.20317E0
9.29285E-4	6.22985E0
9.31238E-4	6.30054E0
9.33191E-4	6.31893E0
9.35145E-4	6.30832E0
9.37098E-4	6.37876E0
9.39051E-4	6.32036E0
9.41004E-4	6.12588E0
9.42957E-4	6.15479E0
9.4491E-4	6.29077E0
9.46863E-4	6.18748E0
9.48816E-4	6.18845E0
9.50769E-4	5.97051E0
9.52722E-4	5.90684E0
9.54676E-4	5.89817E0
9.56629E-4	5.82049E0
9.58582E-4	5.86195E0
9.60535E-4	5.90121E0
9.62488E-4	5.62188E0
9.64441E-4	5.59208E0
9.66395E-4	5.61163E0
9.68348E-4	5.62559E0
9.70301E-4	5.58752E0
9.72254E-4	5.29541E0
9.74207E-4	5.25291E0
9.7616E-4	5.2743E0
9.78113E-4	5.33391E0
9.80067E-4	5.34917E0
9.82019E-4	5.04878E0
9.83972E-4	5.02421E0
9.85926E-4	4.99558E0
9.87879E-4	4.98274E0
9.89832E-4	4.99535E0
9.91785E-4	4.82409E0
9.93738E-4	4.86628E0
9.95691E-4	4.94075E0
9.97644E-4	4.93434E0
9.99598E-4	4.87323E0
1.00155E-3	4.48549E0
1.0035E-3	4.57281E0
1.00546E-3	4.49589E0
1.00741E-3	4.7109E0
1.00936E-3	4.36585E0
1.01132E-3	4.21828E0
1.01327E-3	4.31336E0
1.01522E-3	4.30477E0
1.01718E-3	4.27757E0
1.01913E-3	4.00157E0
1.02108E-3	4.06308E0
1.02303E-3	3.96226E0
1.02499E-3	3.88649E0
1.02694E-3	3.55767E0
1.02889E-3	3.67153E0
1.03085E-3	3.61914E0
1.0328E-3	3.57089E0
1.03475E-3	3.34265E0
1.03671E-3	3.41445E0
1.03866E-3	3.42351E0
1.04061E-3	3.20836E0
1.04257E-3	3.31973E0
1.04452E-3	3.11783E0
1.04647E-3	2.86546E0
1.04843E-3	2.93914E0
1.05038E-3	2.83411E0
1.05233E-3	2.51921E0
1.05428E-3	2.57187E0
1.05624E-3	2.47666E0
1.05819E-3	2.15301E0
1.06014E-3	2.29659E0
1.0621E-3	2.01952E0
1.06405E-3	1.87661E0
1.066E-3	1.84877E0
1.06796E-3	1.77736E0
1.06991E-3	1.60787E0
1.07186E-3	1.38636E0
1.07382E-3	1.41353E0
1.07577E-3	1.13641E0
1.07772E-3	1.05519E0
1.07968E-3	7.6624E-1
1.08163E-3	6.94203E-1
1.08358E-3	5.34009E-1
1.08553E-3	2.88698E-1
1.08749E-3	2.83821E-1
1.08944E-3	9.83268E-2
1.09139E-3	-3.22874E-1
1.09335E-3	-3.21292E-1
1.0953E-3	-4.90137E-1
1.09725E-3	-7.45428E-1
1.09921E-3	-9.71576E-1
1.10116E-3	-1.05417E0
1.10311E-3	-1.23261E0
1.10507E-3	-1.46944E0
1.10702E-3	-1.66206E0
1.10897E-3	-1.87217E0
1.11093E-3	-2.17039E0
1.11288E-3	-2.25884E0
1.11483E-3	-2.53313E0
1.11678E-3	-2.86947E0
1.11874E-3	-3.0783E0
1.12069E-3	-3.39221E0
1.12264E-3	-3.35945E0
1.1246E-3	-3.83666E0
1.12655E-3	-4.11217E0
1.1285E-3	-4.36685E0
1.13046E-3	-4.51316E0
1.13241E-3	-4.71625E0
1.13436E-3	-5.1972E0
1.13632E-3	-5.41902E0
1.13827E-3	-5.68905E0
1.14022E-3	-6.03977E0
1.14218E-3	-6.35288E0
1.14413E-3	-6.53669E0
1.14608E-3	-6.89077E0
1.14803E-3	-7.18242E0
1.14999E-3	-7.57692E0
1.15194E-3	-7.86566E0
1.1539E-3	-8.20376E0
1.15585E-3	-8.5463E0
1.1578E-3	-8.90703E0
1.15975E-3	-9.29416E0
1.16171E-3	-9.53149E0
1.16366E-3	-1.00463E1
1.16561E-3	-1.03013E1
1.16757E-3	-1.08046E1
1.16952E-3	-1.10723E1
1.17147E-3	-1.15548E1
1.17343E-3	-1.19926E1
1.17538E-3	-1.22001E1
1.17733E-3	-1.28158E1
1.17928E-3	-1.30922E1
1.18124E-3	-1.35277E1
1.18319E-3	-1.40642E1
1.18514E-3	-1.43934E1
1.1871E-3	-1.49847E1
1.18905E-3	-1.54784E1
1.191E-3	-1.58587E1
1.19296E-3	-1.6454E1
1.19491E-3	-1.68917E1
1.19686E-3	-1.72413E1
1.19882E-3	-1.78951E1
1.20077E-3	-1.82989E1
1.20272E-3	-1.88942E1
1.20468E-3	-1.9368E1
1.20663E-3	-1.99779E1
1.20858E-3	-2.04482E1
1.21053E-3	-2.10797E1
1.21249E-3	-2.17156E1
1.21444E-3	-2.2241E1
1.21639E-3	-2.29715E1
1.21835E-3	-2.34238E1
1.2203E-3	-2.40762E1
1.22225E-3	-2.47565E1
1.22421E-3	-2.5443E1
1.22616E-3	-2.60452E1
1.22811E-3	-2.66546E1
1.23007E-3	-2.73103E1
1.23202E-3	-2.81411E1
1.23397E-3	-2.87075E1
1.23593E-3	-2.94844E1
1.23788E-3	-3.02018E1
1.23983E-3	-3.10873E1
1.24178E-3	-3.17088E1
1.24374E-3	-3.22653E1
1.24569E-3	-3.33364E1
1.24764E-3	-3.39629E1
1.2496E-3	-3.47928E1
1.25155E-3	-3.56278E1
1.2535E-3	-3.64287E1
1.25546E-3	-3.71604E1
1.25741E-3	-3.80376E1
1.25936E-3	-3.88751E1
1.26132E-3	-3.97723E1
1.26327E-3	-4.06145E1
1.26522E-3	-4.14801E1
1.26718E-3	-4.23647E1
1.26913E-3	-4.33877E1
1.27108E-3	-4.41886E1
1.27303E-3	-4.53127E1
1.27499E-3	-4.62957E1
1.27694E-3	-4.70994E1
1.27889E-3	-4.83121E1
1.28085E-3	-4.93266E1
1.2828E-3	-5.03492E1
1.28475E-3	-5.14046E1
1.28671E-3	-5.24317E1
1.28866E-3	-5.35426E1
1.29061E-3	-5.45922E1
1.29257E-3	-5.58737E1
1.29452E-3	-5.6987E1
1.29647E-3	-5.80485E1
1.29843E-3	-5.91324E1
1.30038E-3	-6.03578E1
1.30233E-3	-6.16094E1
1.30428E-3	-6.27489E1
1.30624E-3	-6.41494E1
1.30819E-3	-6.54944E1
1.31014E-3	-6.65489E1
1.3121E-3	-6.78483E1
1.31405E-3	-6.92392E1
1.316E-3	-7.05238E1
1.31796E-3	-7.16666E1
1.31991E-3	-7.2946E1
1.32186E-3	-7.45337E1
1.32382E-3	-7.5751E1
1.32577E-3	-7.71542E1
1.32772E-3	-7.87009E1
1.32968E-3	-8.00582E1
1.33163E-3	-8.14839E1
1.33358E-3	-8.301E1
1.33553E-3	-8.45209E1
1.33749E-3	-8.59687E1
1.33944E-3	-8.74242E1
1.34139E-3	-8.89943E1
1.34335E-3	-9.05364E1
1.3453E-3	-9.19623E1
1.34725E-3	-9.35738E1
1.34921E-3	-9.52095E1
1.35116E-3	-9.67745E1
1.35311E-3	-9.84279E1
1.35507E-3	-9.99926E1
1.35702E-3	-1.01532E2
1.35897E-3	-1.03167E2
1.36093E-3	-1.04849E2
1.36288E-3	-1.06311E2
1.36483E-3	-1.07885E2
1.36678E-3	-1.09647E2
1.36874E-3	-1.11273E2
1.37069E-3	-1.12975E2
1.37264E-3	-1.1468E2
1.3746E-3	-1.16309E2
1.37655E-3	-1.17846E2
1.3785E-3	-1.19566E2
1.38046E-3	-1.21314E2
1.38241E-3	-1.22945E2
1.38436E-3	-1.24728E2
1.38632E-3	-1.26411E2
1.38827E-3	-1.28071E2
1.39022E-3	-1.29987E2
1.39218E-3	-1.31432E2
1.39413E-3	-1.33226E2
1.39608E-3	-1.35001E2
1.39803E-3	-1.37063E2
1.39999E-3	-1.38979E2
1.40194E-3	-1.40103E2
1.40389E-3	-1.41975E2
1.40585E-3	-1.4357E2
1.4078E-3	-1.45418E2
1.40975E-3	-1.4696E2
1.41171E-3	-1.48698E2
1.41366E-3	-1.50448E2
1.41561E-3	-1.51944E2
1.41757E-3	-1.53547E2
1.41952E-3	-1.55124E2
1.42147E-3	-1.56851E2
1.42343E-3	-1.58319E2
1.42538E-3	-1.59868E2
1.42733E-3	-1.61404E2
1.42928E-3	-1.62868E2
1.43124E-3	-1.64488E2
1.43319E-3	-1.65985E2
1.43514E-3	-1.67488E2
1.4371E-3	-1.68909E2
1.43905E-3	-1.70468E2
1.441E-3	-1.71893E2
1.44296E-3	-1.7326E2
1.44491E-3	-1.74804E2
1.44686E-3	-1.76339E2
1.44882E-3	-1.77727E2
1.45077E-3	-1.79007E2
1.45272E-3	-1.80589E2
1.45468E-3	-1.81965E2
1.45663E-3	-1.83427E2
1.45858E-3	-1.84808E2
1.46053E-3	-1.86246E2
1.46249E-3	-1.87431E2
1.46444E-3	-1.8872E2
1.46639E-3	-1.90014E2
1.46835E-3	-1.91246E2
1.4703E-3	-1.92589E2
1.47225E-3	-1.93808E2
1.47421E-3	-1.95081E2
1.47616E-3	-1.96224E2
1.47811E-3	-1.97392E2
1.48007E-3	-1.98416E2
1.48202E-3	-1.99715E2
1.48397E-3	-2.008E2
1.48593E-3	-2.01953E2
1.48788E-3	-2.02958E2
1.48983E-3	-2.04068E2
1.49178E-3	-2.05114E2
1.49374E-3	-2.06241E2
1.49569E-3	-2.07215E2
1.49764E-3	-2.08093E2
1.4996E-3	-2.09268E2
1.50155E-3	-2.10191E2
1.5035E-3	-2.11266E2
1.50546E-3	-2.12173E2
1.50741E-3	-2.13073E2
1.50936E-3	-2.14109E2
1.51132E-3	-2.14859E2
1.51327E-3	-2.15778E2
1.51522E-3	-2.16699E2
1.51718E-3	-2.1748E2
1.51913E-3	-2.18368E2
1.52108E-3	-2.18896E2
1.52303E-3	-2.19755E2
1.52499E-3	-2.20509E2
1.52694E-3	-2.21229E2
1.52889E-3	-2.21843E2
1.53085E-3	-2.22553E2
1.5328E-3	-2.23029E2
1.53475E-3	-2.23575E2
1.53671E-3	-2.24357E2
1.53866E-3	-2.24744E2
1.54061E-3	-2.25353E2
1.54257E-3	-2.25885E2
1.54452E-3	-2.26448E2
1.54647E-3	-2.26839E2
1.54843E-3	-2.27303E2
1.55038E-3	-2.27687E2
1.55233E-3	-2.28106E2
1.55428E-3	-2.28683E2
1.55624E-3	-2.28942E2
1.55819E-3	-2.2941E2
1.56014E-3	-2.29904E2
1.5621E-3	-2.3015E2
1.56405E-3	-2.30561E2
1.566E-3	-2.31079E2
1.56796E-3	-2.31536E2
1.56991E-3	-2.31967E2
1.57186E-3	-2.32282E2
1.57382E-3	-2.32695E2
1.57577E-3	-2.3295E2
1.57772E-3	-2.33211E2
1.57968E-3	-2.33595E2
1.58163E-3	-2.33691E2
1.58358E-3	-2.34059E2
1.58553E-3	-2.34165E2
1.58749E-3	-2.34088E2
1.58944E-3	-2.34364E2
1.59139E-3	-2.34539E2
1.59335E-3	-2.34493E2
1.5953E-3	-2.34492E2
1.59725E-3	-2.34109E2
1.59921E-3	-2.34132E2
1.60116E-3	-2.33938E2
1.60311E-3	-2.33663E2
1.60507E-3	-2.33415E2
1.60702E-3	-2.33289E2
1.60897E-3	-2.33189E2
1.61093E-3	-2.32702E2
1.61288E-3	-2.32497E2
1.61483E-3	-2.323E2
1.61678E-3	-2.31895E2
1.61874E-3	-2.31754E2
1.62069E-3	-2.31535E2
1.62264E-3	-2.31297E2
1.6246E-3	-2.30839E2
1.62655E-3	-2.30546E2
1.6285E-3	-2.30294E2
1.63046E-3	-2.29851E2
1.63241E-3	-2.29463E2
1.63436E-3	-2.29147E2
1.63632E-3	-2.28462E2
1.63827E-3	-2.28147E2
1.64022E-3	-2.27542E2
1.64218E-3	-2.26839E2
1.64413E-3	-2.26143E2
1.64608E-3	-2.25393E2
1.64803E-3	-2.24784E2
1.64999E-3	-2.23833E2
1.65194E-3	-2.23147E2
1.65389E-3	-2.22271E2
1.65585E-3	-2.21172E2
1.6578E-3	-2.20281E2
1.65975E-3	-2.19103E2
1.66171E-3	-2.18319E2
1.66366E-3	-2.17334E2
1.66561E-3	-2.16228E2
1.66757E-3	-2.15082E2
1.66952E-3	-2.14095E2
1.67147E-3	-2.13091E2
1.67343E-3	-2.11929E2
1.67538E-3	-2.10856E2
1.67733E-3	-2.09906E2
1.67928E-3	-2.08866E2
1.68124E-3	-2.07813E2
1.68319E-3	-2.06505E2
1.68514E-3	-2.05429E2
1.6871E-3	-2.04165E2
1.68905E-3	-2.03113E2
1.691E-3	-2.01876E2
1.69296E-3	-2.00566E2
1.69491E-3	-1.9931E2
1.69686E-3	-1.98013E2
1.69882E-3	-1.96758E2
1.70077E-3	-1.95307E2
1.70272E-3	-1.93927E2
1.70468E-3	-1.92595E2
1.70663E-3	-1.91261E2
1.70858E-3	-1.89822E2
1.71053E-3	-1.88466E2
1.71249E-3	-1.87244E2
1.71444E-3	-1.85698E2
1.71639E-3	-1.84344E2
1.71835E-3	-1.83025E2
1.7203E-3	-1.81555E2
1.72225E-3	-1.79951E2
1.72421E-3	-1.7866E2
1.72616E-3	-1.77377E2
1.72811E-3	-1.75889E2
1.73007E-3	-1.74397E2
1.73202E-3	-1.72952E2
1.73397E-3	-1.71533E2
1.73593E-3	-1.70179E2
1.73788E-3	-1.68721E2
1.73983E-3	-1.67486E2
1.74178E-3	-1.65898E2
1.74374E-3	-1.64455E2
1.74569E-3	-1.63091E2
1.74764E-3	-1.61769E2
1.7496E-3	-1.60394E2
1.75155E-3	-1.5886E2
1.7535E-3	-1.57426E2
1.75546E-3	-1.56091E2
1.75741E-3	-1.54434E2
1.75936E-3	-1.53073E2
1.76132E-3	-1.51884E2
1.76327E-3	-1.50353E2
1.76522E-3	-1.48952E2
1.76718E-3	-1.47561E2
1.76913E-3	-1.46279E2
1.77108E-3	-1.44855E2
1.77303E-3	-1.4339E2
1.77499E-3	-1.42108E2
1.77694E-3	-1.40653E2
1.77889E-3	-1.3935E2
1.78085E-3	-1.38005E2
1.7828E-3	-1.3667E2
1.78475E-3	-1.35344E2
1.78671E-3	-1.33938E2
1.78866E-3	-1.32648E2
1.79061E-3	-1.31406E2
1.79257E-3	-1.30065E2
1.79452E-3	-1.28637E2
1.79647E-3	-1.27511E2
1.79843E-3	-1.26201E2
1.80038E-3	-1.24759E2
1.80233E-3	-1.23398E2
1.80428E-3	-1.22228E2
1.80624E-3	-1.20898E2
1.80819E-3	-1.19626E2
1.81014E-3	-1.18364E2
1.8121E-3	-1.17119E2
1.81405E-3	-1.16091E2
1.816E-3	-1.14778E2
1.81796E-3	-1.1347E2
1.81991E-3	-1.12179E2
1.82186E-3	-1.11122E2
1.82382E-3	-1.09879E2
1.82577E-3	-1.08678E2
1.82772E-3	-1.07425E2
1.82968E-3	-1.06533E2
1.83163E-3	-1.05316E2
1.83358E-3	-1.04213E2
1.83554E-3	-1.02982E2
1.83749E-3	-1.0174E2
1.83944E-3	-1.00645E2
1.8414E-3	-9.93535E1
1.84335E-3	-9.81532E1
1.8453E-3	-9.71788E1
1.84725E-3	-9.60435E1
1.84921E-3	-9.4772E1
1.85116E-3	-9.35743E1
1.85311E-3	-9.23377E1
1.85507E-3	-9.1383E1
1.85702E-3	-9.01561E1
1.85897E-3	-8.91306E1
1.86093E-3	-8.80672E1
1.86288E-3	-8.68728E1
1.86483E-3	-8.60323E1
1.86678E-3	-8.49418E1
1.86874E-3	-8.38585E1
1.87069E-3	-8.27945E1
1.87264E-3	-8.18353E1
1.8746E-3	-8.0856E1
1.87655E-3	-7.97429E1
1.8785E-3	-7.86788E1
1.88046E-3	-7.77334E1
1.88241E-3	-7.68221E1
1.88436E-3	-7.60092E1
1.88632E-3	-7.48482E1
1.88827E-3	-7.39609E1
1.89022E-3	-7.29744E1
1.89218E-3	-7.20598E1
1.89413E-3	-7.10994E1
1.89608E-3	-7.01983E1
1.89803E-3	-6.92044E1
1.89999E-3	-6.82444E1
1.90194E-3	-6.72327E1
1.90389E-3	-6.63642E1
1.90585E-3	-6.54129E1
1.9078E-3	-6.4342E1
1.90975E-3	-6.34242E1
1.91171E-3	-6.24714E1
1.91366E-3	-6.14459E1
1.91561E-3	-6.05844E1
1.91757E-3	-5.96349E1
1.91952E-3	-5.86338E1
1.92147E-3	-5.76991E1
1.92343E-3	-5.67408E1
1.92538E-3	-5.58413E1
1.92733E-3	-5.5027E1
1.92928E-3	-5.38819E1
1.93124E-3	-5.28372E1
1.93319E-3	-5.18188E1
1.93514E-3	-5.1066E1
1.9371E-3	-5.00628E1
1.93905E-3	-4.89936E1
1.941E-3	-4.80852E1
1.94296E-3	-4.69321E1
1.94491E-3	-4.60969E1
1.94686E-3	-4.50935E1
1.94882E-3	-4.39526E1
1.95077E-3	-4.30045E1
1.95272E-3	-4.19559E1
1.95468E-3	-4.1084E1
1.95663E-3	-4.00674E1
1.95858E-3	-3.89285E1
1.96053E-3	-3.7962E1
1.96249E-3	-3.68507E1
1.96444E-3	-3.58684E1
1.96639E-3	-3.48335E1
1.96835E-3	-3.37015E1
1.9703E-3	-3.26489E1
1.97225E-3	-3.15761E1
1.97421E-3	-3.05215E1
1.97616E-3	-2.93363E1
1.97811E-3	-2.82876E1
1.98007E-3	-2.70797E1
1.98202E-3	-2.60354E1
1.98397E-3	-2.49966E1
1.98593E-3	-2.36332E1
1.98788E-3	-2.25351E1
1.98983E-3	-2.12231E1
1.99178E-3	-2.00421E1
1.99374E-3	-1.89106E1
1.99569E-3	-1.78473E1
1.99764E-3	-1.64968E1
1.9996E-3	-1.55705E1
2.00155E-3	-1.42082E1
2.0035E-3	-1.29089E1
2.00546E-3	-1.17006E1
2.00741E-3	-1.05699E1
2.00936E-3	-9.34996E0
2.01132E-3	-8.23035E0
2.01327E-3	-6.9229E0
2.01522E-3	-5.85275E0
2.01718E-3	-4.69415E0
2.01913E-3	-3.38262E0
2.02108E-3	-2.32301E0
2.02303E-3	-1.04103E0
2.02499E-3	3.52072E-2
2.02694E-3	1.22095E0
2.02889E-3	2.37988E0
2.03085E-3	3.71326E0
2.0328E-3	4.77374E0
2.03475E-3	5.94396E0
2.03671E-3	7.15291E0
2.03866E-3	8.36566E0
2.04061E-3	9.38374E0
2.04257E-3	1.04375E1
2.04452E-3	1.16708E1
2.04647E-3	1.27117E1
2.04843E-3	1.39267E1
2.05038E-3	1.481E1
2.05233E-3	1.61317E1
2.05428E-3	1.721E1
2.05624E-3	1.835E1
2.05819E-3	1.93485E1
2.06014E-3	2.04298E1
2.0621E-3	2.16181E1
2.06405E-3	2.2399E1
2.066E-3	2.34991E1
2.06796E-3	2.42727E1
2.06991E-3	2.48379E1
2.07186E-3	2.64408E1
2.07382E-3	2.72149E1
2.07577E-3	2.80669E1
2.07772E-3	2.90329E1
2.07968E-3	2.9642E1
2.08163E-3	3.0464E1
2.08358E-3	3.12407E1
2.08553E-3	3.18023E1
2.08749E-3	3.25464E1
2.08944E-3	3.31152E1
2.09139E-3	3.37596E1
2.09335E-3	3.42956E1
2.0953E-3	3.48783E1
2.09725E-3	3.52348E1
2.09921E-3	3.57532E1
2.10116E-3	3.62377E1
2.10311E-3	3.64558E1
2.10507E-3	3.69657E1
2.10702E-3	3.72473E1
2.10897E-3	3.76053E1
2.11093E-3	3.77389E1
2.11288E-3	3.77712E1
2.11483E-3	3.8234E1
2.11678E-3	3.8391E1
2.11874E-3	3.83026E1
2.12069E-3	3.85399E1
2.12264E-3	3.87186E1
2.1246E-3	3.86945E1
2.12655E-3	3.87178E1
2.1285E-3	3.86805E1
2.13046E-3	3.87459E1
2.13241E-3	3.84487E1
2.13436E-3	3.83142E1
2.13632E-3	3.80848E1
2.13827E-3	3.78887E1
2.14022E-3	3.78749E1
2.14218E-3	3.73817E1
2.14413E-3	3.73325E1
2.14608E-3	3.69589E1
2.14803E-3	3.67705E1
2.14999E-3	3.63909E1
2.15194E-3	3.60017E1
2.15389E-3	3.57077E1
2.15585E-3	3.5453E1
2.1578E-3	3.50923E1
2.15975E-3	3.46492E1
2.16171E-3	3.43811E1
2.16366E-3	3.39983E1
2.16561E-3	3.36038E1
2.16757E-3	3.32288E1
2.16952E-3	3.29054E1
2.17147E-3	3.23374E1
2.17343E-3	3.19227E1
2.17538E-3	3.15585E1
2.17733E-3	3.11708E1
2.17928E-3	3.0744E1
2.18124E-3	3.03497E1
2.18319E-3	2.98929E1
2.18514E-3	2.94065E1
2.1871E-3	2.88954E1
2.18905E-3	2.84827E1
2.191E-3	2.80107E1
2.19296E-3	2.76983E1
2.19491E-3	2.70493E1
2.19686E-3	2.67183E1
2.19882E-3	2.6143E1
2.20077E-3	2.59576E1
2.20272E-3	2.42572E1
2.20468E-3	2.42902E1
2.20663E-3	2.45656E1
2.20858E-3	2.36988E1
2.21053E-3	2.34793E1
2.21249E-3	2.28232E1
2.21444E-3	2.24012E1
2.21639E-3	2.1769E1
2.21835E-3	2.13818E1
2.2203E-3	2.07644E1
2.22225E-3	2.03064E1
2.22421E-3	1.96899E1
2.22616E-3	1.9203E1
2.22811E-3	1.86675E1
2.23007E-3	1.80298E1
2.23202E-3	1.75154E1
2.23397E-3	1.69609E1
2.23593E-3	1.62458E1
2.23788E-3	1.55617E1
2.23983E-3	1.51107E1
2.24178E-3	1.4373E1
2.24374E-3	1.36705E1
2.24569E-3	1.29736E1
2.24764E-3	1.23179E1
2.2496E-3	1.17656E1
2.25155E-3	1.09215E1
2.2535E-3	1.02815E1
2.25546E-3	9.58227E0
2.25741E-3	8.8999E0
2.25936E-3	8.20454E0
2.26132E-3	7.46476E0
2.26327E-3	6.74072E0
2.26522E-3	6.04038E0
2.26718E-3	5.33215E0
2.26913E-3	4.58086E0
2.27108E-3	3.83293E0
2.27303E-3	2.99733E0
2.27499E-3	2.32937E0
2.27694E-3	1.39308E0
2.27889E-3	6.97879E-1
2.28085E-3	-1.29545E-2
2.2828E-3	-9.32268E-1
2.28475E-3	-1.78583E0
2.28671E-3	-2.57494E0
2.28866E-3	-3.40558E0
2.29061E-3	-4.39351E0
2.29257E-3	-5.09428E0
2.29452E-3	-6.03136E0
2.29647E-3	-6.92402E0
2.29843E-3	-7.7162E0
2.30038E-3	-8.7158E0
2.30233E-3	-9.67854E0
2.30428E-3	-1.04759E1
2.30624E-3	-1.14025E1
2.30819E-3	-1.22605E1
2.31014E-3	-1.31127E1
2.3121E-3	-1.41283E1
2.31405E-3	-1.49256E1
2.316E-3	-1.5918E1
2.31796E-3	-1.68199E1
2.31991E-3	-1.76255E1
2.32186E-3	-1.843E1
2.32382E-3	-1.94576E1
2.32577E-3	-2.02659E1
2.32772E-3	-2.11182E1
2.32968E-3	-2.2147E1
2.33163E-3	-2.2979E1
2.33358E-3	-2.37381E1
2.33553E-3	-2.4677E1
2.33749E-3	-2.54348E1
2.33944E-3	-2.63712E1
2.34139E-3	-2.72168E1
2.34335E-3	-2.79869E1
2.3453E-3	-2.87586E1
2.34725E-3	-2.96043E1
2.34921E-3	-3.03242E1
2.35116E-3	-3.10998E1
2.35311E-3	-3.18554E1
2.35507E-3	-3.26101E1
2.35702E-3	-3.33906E1
2.35897E-3	-3.42265E1
2.36093E-3	-3.49821E1
2.36288E-3	-3.54445E1
2.36483E-3	-3.62664E1
2.36678E-3	-3.70194E1
2.36874E-3	-3.7629E1
2.37069E-3	-3.82696E1
2.37264E-3	-3.9023E1
2.3746E-3	-3.96893E1
2.37655E-3	-4.02989E1
2.3785E-3	-4.08695E1
2.38046E-3	-4.15861E1
2.38241E-3	-4.223E1
2.38436E-3	-4.26937E1
2.38632E-3	-4.33696E1
2.38827E-3	-4.40809E1
2.39022E-3	-4.44546E1
2.39218E-3	-4.51991E1
2.39413E-3	-4.55995E1
2.39608E-3	-4.62383E1
2.39803E-3	-4.68999E1
2.39999E-3	-4.7491E1
2.40194E-3	-4.79692E1
2.40389E-3	-4.85878E1
2.40585E-3	-4.91654E1
2.4078E-3	-4.96739E1
2.40975E-3	-5.03683E1
2.41171E-3	-5.07431E1
2.41366E-3	-5.13307E1
2.41561E-3	-5.20131E1
2.41757E-3	-5.24585E1
2.41952E-3	-5.31266E1
2.42147E-3	-5.36019E1
2.42343E-3	-5.42216E1
2.42538E-3	-5.47616E1
2.42733E-3	-5.53162E1
2.42928E-3	-5.60625E1
2.43124E-3	-5.63066E1
2.43319E-3	-5.68341E1
2.43514E-3	-5.73794E1
2.4371E-3	-5.79937E1
2.43905E-3	-5.84006E1
2.441E-3	-5.88985E1
2.44296E-3	-5.93802E1
2.44491E-3	-5.97093E1
2.44686E-3	-6.02893E1
2.44882E-3	-6.07425E1
2.45077E-3	-6.1015E1
2.45272E-3	-6.14721E1
2.45468E-3	-6.18773E1
2.45663E-3	-6.22523E1
2.45858E-3	-6.27297E1
2.46053E-3	-6.30605E1
2.46249E-3	-6.33365E1
2.46444E-3	-6.36438E1
2.46639E-3	-6.39783E1
2.46835E-3	-6.42249E1
2.4703E-3	-6.4421E1
2.47225E-3	-6.47255E1
2.47421E-3	-6.48655E1
2.47616E-3	-6.50985E1
2.47811E-3	-6.53338E1
2.48007E-3	-6.56329E1
2.48202E-3	-6.54036E1
2.48397E-3	-6.56513E1
2.48593E-3	-6.57735E1
2.48788E-3	-6.5694E1
2.48983E-3	-6.58857E1
2.49178E-3	-6.60988E1
2.49374E-3	-6.60875E1
2.49569E-3	-6.60973E1
2.49764E-3	-6.60993E1
2.4996E-3	-6.61055E1
2.50155E-3	-6.61091E1
2.5035E-3	-6.61144E1
2.50546E-3	-6.61188E1
2.50741E-3	-6.61234E1
2.50936E-3	-6.61284E1
2.51132E-3	-6.61329E1
2.51327E-3	-6.61376E1
2.51522E-3	-6.6143E1
2.51718E-3	-6.61461E1
2.51913E-3	-6.61545E1
2.52108E-3	-6.61524E1
2.52303E-3	-6.61703E1
2.52499E-3	-6.58687E1
2.52694E-3	-6.5743E1
2.52889E-3	-6.58561E1
2.53085E-3	-6.5827E1
2.5328E-3	-6.589E1
2.53475E-3	-6.56368E1
2.53671E-3	-6.54828E1
2.53866E-3	-6.55416E1
2.54061E-3	-6.56873E1
2.54257E-3	-6.52786E1
2.54452E-3	-6.52193E1
2.54647E-3	-6.53334E1
2.54843E-3	-6.54525E1
2.55038E-3	-6.54439E1
2.55233E-3	-6.5467E1
2.55428E-3	-6.51582E1
2.55624E-3	-6.50481E1
2.55819E-3	-6.51032E1
2.56014E-3	-6.5007E1
2.5621E-3	-6.50766E1
2.56405E-3	-6.51024E1
2.566E-3	-6.50982E1
2.56796E-3	-6.51095E1
2.56991E-3	-6.51114E1
2.57186E-3	-6.51166E1
2.57382E-3	-6.51284E1
2.57577E-3	-6.48339E1
2.57772E-3	-6.47013E1
2.57968E-3	-6.484E1
2.58163E-3	-6.51614E1
2.58358E-3	-6.51259E1
2.58553E-3	-6.53445E1
2.58749E-3	-6.54717E1
2.58944E-3	-6.55421E1
2.59139E-3	-6.55205E1
2.59335E-3	-6.50358E1
2.5953E-3	-6.48602E1
2.59725E-3	-6.43278E1
2.59921E-3	-6.39673E1
2.60116E-3	-6.35568E1
2.60311E-3	-6.29867E1
2.60507E-3	-6.26473E1
2.60702E-3	-6.2139E1
2.60897E-3	-6.18215E1
2.61093E-3	-6.15366E1
2.61288E-3	-6.10245E1
2.61483E-3	-6.08246E1
2.61678E-3	-6.0589E1
2.61874E-3	-6.04869E1
2.62069E-3	-6.00015E1
2.62264E-3	-5.98184E1
2.6246E-3	-5.95525E1
2.62655E-3	-5.91314E1
2.6285E-3	-5.87482E1
2.63046E-3	-5.82206E1
2.63241E-3	-5.77916E1
2.63436E-3	-5.71682E1
2.63632E-3	-5.68181E1
2.63827E-3	-5.61765E1
2.64022E-3	-5.55821E1
2.64218E-3	-5.50661E1
2.64413E-3	-5.45195E1
2.64608E-3	-5.40734E1
2.64803E-3	-5.35034E1
2.64999E-3	-5.28322E1
2.65194E-3	-5.21274E1
2.65389E-3	-5.15792E1
2.65585E-3	-5.08388E1
2.6578E-3	-5.00645E1
2.65975E-3	-4.94344E1
2.66171E-3	-4.85627E1
2.66366E-3	-4.78868E1
2.66561E-3	-4.71932E1
2.66757E-3	-4.65939E1
2.66952E-3	-4.59953E1
2.67147E-3	-4.51514E1
2.67343E-3	-4.45697E1
2.67538E-3	-4.39273E1
2.67733E-3	-4.30141E1
2.67928E-3	-4.21678E1
2.68124E-3	-4.143E1
2.68319E-3	-4.02951E1
2.68514E-3	-3.91836E1
2.6871E-3	-3.80536E1
2.68905E-3	-3.70605E1
2.691E-3	-3.60398E1
2.69296E-3	-3.48652E1
2.69491E-3	-3.36876E1
2.69686E-3	-3.25111E1
2.69882E-3	-3.16143E1
2.70077E-3	-3.05966E1
2.70272E-3	-2.95765E1
2.70468E-3	-2.85147E1
2.70663E-3	-2.75287E1
2.70858E-3	-2.66544E1
2.71053E-3	-2.54994E1
2.71249E-3	-2.44375E1
2.71444E-3	-2.32425E1
2.71639E-3	-2.21182E1
2.71835E-3	-2.10003E1
2.7203E-3	-1.9715E1
2.72225E-3	-1.85228E1
2.72421E-3	-1.72752E1
2.72616E-3	-1.60586E1
2.72811E-3	-1.46999E1
2.73007E-3	-1.33181E1
2.73202E-3	-1.1951E1
2.73397E-3	-1.06622E1
2.73593E-3	-9.12059E0
2.73788E-3	-7.70142E0
2.73983E-3	-6.27114E0
2.74178E-3	-4.89403E0
2.74374E-3	-3.38231E0
2.74569E-3	-2.01626E0
2.74764E-3	-5.00628E-1
2.7496E-3	1.03355E0
2.75155E-3	2.48289E0
2.7535E-3	3.70829E0
2.75546E-3	5.08849E0
2.75741E-3	6.65272E0
2.75936E-3	7.79434E0
2.76132E-3	8.99828E0
2.76327E-3	1.03561E1
2.76522E-3	1.14885E1
2.76718E-3	1.26602E1
2.76913E-3	1.3679E1
2.77108E-3	1.5111E1
2.77303E-3	1.62011E1
2.77499E-3	1.74247E1
2.77694E-3	1.83741E1
2.7789E-3	1.95351E1
2.78085E-3	2.05952E1
2.7828E-3	2.17423E1
2.78475E-3	2.28059E1
2.78671E-3	2.32065E1
2.78866E-3	2.47844E1
2.79061E-3	2.55746E1
2.79257E-3	2.64544E1
2.79452E-3	2.72453E1
2.79647E-3	2.78997E1
2.79843E-3	2.84137E1
2.80038E-3	2.89427E1
2.80233E-3	2.96832E1
2.80428E-3	3.00246E1
2.80624E-3	3.05822E1
2.80819E-3	3.09558E1
2.81014E-3	3.12986E1
2.8121E-3	3.1628E1
2.81405E-3	3.18253E1
2.816E-3	3.20987E1
2.81796E-3	3.22003E1
2.81991E-3	3.23684E1
2.82186E-3	3.26348E1
2.82382E-3	3.28992E1
2.82577E-3	3.31092E1
2.82772E-3	3.32035E1
2.82968E-3	3.33761E1
2.83163E-3	3.36247E1
2.83358E-3	3.35995E1
2.83554E-3	3.34955E1
2.83749E-3	3.3776E1
2.83944E-3	3.38237E1
2.8414E-3	3.37834E1
2.84335E-3	3.38962E1
2.8453E-3	3.39319E1
2.84725E-3	3.39345E1
2.84921E-3	3.38769E1
2.85116E-3	3.38383E1
2.85311E-3	3.37918E1
2.85507E-3	3.38352E1
2.85702E-3	3.37609E1
2.85897E-3	3.38953E1
2.86093E-3	3.38973E1
2.86288E-3	3.41058E1
2.86483E-3	3.41784E1
2.86678E-3	3.41017E1
2.86874E-3	3.40022E1
2.87069E-3	3.42067E1
2.87264E-3	3.42204E1
2.8746E-3	3.41882E1
2.87655E-3	3.42177E1
2.8785E-3	3.42603E1
2.88046E-3	3.43843E1
2.88241E-3	3.45757E1
2.88436E-3	3.45454E1
2.88632E-3	3.45391E1
2.88827E-3	3.45423E1
2.89022E-3	3.45031E1
2.89218E-3	3.46003E1
2.89413E-3	3.49111E1
2.89608E-3	3.48811E1
2.89803E-3	3.48865E1
2.89999E-3	3.48657E1
2.90194E-3	3.4872E1
2.90389E-3	3.48402E1
2.90585E-3	3.51535E1
2.9078E-3	3.52425E1
2.90975E-3	3.51103E1
2.91171E-3	3.54473E1
2.91366E-3	3.55044E1
2.91561E-3	3.55061E1
2.91757E-3	3.57521E1
2.91952E-3	3.57409E1
2.92147E-3	3.55498E1
2.92343E-3	3.55449E1
2.92538E-3	3.55833E1
2.92733E-3	3.55945E1
2.92928E-3	3.52893E1
2.93124E-3	3.5303E1
2.93319E-3	3.5164E1
2.93514E-3	3.48608E1
2.9371E-3	3.46635E1
2.93905E-3	3.44296E1
2.941E-3	3.41955E1
2.94296E-3	3.39158E1
2.94491E-3	3.36152E1
2.94686E-3	3.34697E1
2.94882E-3	3.34016E1
2.95077E-3	3.30819E1
2.95272E-3	3.27152E1
2.95468E-3	3.25286E1
2.95663E-3	3.21265E1
2.95858E-3	3.18548E1
2.96053E-3	3.13013E1
2.96249E-3	3.09872E1
2.96444E-3	3.05249E1
2.96639E-3	2.99294E1
2.96835E-3	2.95737E1
2.9703E-3	2.89111E1
2.97225E-3	2.84046E1
2.97421E-3	2.78898E1
2.97616E-3	2.71118E1
2.97811E-3	2.6607E1
2.98007E-3	2.58731E1
2.98202E-3	2.52517E1
2.98397E-3	2.44226E1
2.98593E-3	2.41264E1
2.98788E-3	2.22439E1
2.98983E-3	2.16764E1
2.99178E-3	2.1927E1
2.99374E-3	2.08075E1
2.99569E-3	2.02364E1
2.99764E-3	1.93616E1
2.9996E-3	1.85424E1
3.00155E-3	1.77049E1
3.0035E-3	1.69682E1
3.00546E-3	1.6106E1
3.00741E-3	1.52242E1
3.00936E-3	1.43926E1
3.01132E-3	1.34125E1
3.01327E-3	1.28066E1
3.01522E-3	1.19061E1
3.01718E-3	1.09781E1
3.01913E-3	1.01421E1
3.02108E-3	9.31568E0
3.02303E-3	8.56901E0
3.02499E-3	7.88179E0
3.02694E-3	7.38571E0
3.02889E-3	6.55661E0
3.03085E-3	6.02681E0
3.0328E-3	5.51982E0
3.03475E-3	5.04364E0
3.03671E-3	4.45277E0
3.03866E-3	4.17499E0
3.04061E-3	3.92237E0
3.04257E-3	3.58883E0
3.04452E-3	3.33065E0
3.04647E-3	3.09934E0
3.04843E-3	2.99916E0
3.05038E-3	2.69658E0
3.05233E-3	2.53349E0
3.05428E-3	2.39825E0
3.05624E-3	2.06352E0
3.05819E-3	2.00985E0
3.06014E-3	1.65463E0
3.0621E-3	1.67168E0
3.06405E-3	1.58174E0
3.066E-3	1.58282E0
3.06796E-3	1.16069E0
3.06991E-3	1.22513E0
3.07186E-3	1.01054E0
3.07382E-3	7.64829E-1
3.07577E-3	8.65802E-1
3.07772E-3	6.31167E-1
3.07968E-3	3.75774E-1
3.08163E-3	4.00892E-1
3.08358E-3	3.71621E-1
3.08553E-3	3.75043E-1
3.08749E-3	3.51026E-1
3.08944E-3	3.5797E-1
3.09139E-3	3.18777E-1
3.09335E-3	3.89685E-1
3.0953E-3	3.48414E-1
3.09725E-3	3.03026E-1
3.09921E-3	2.84469E-1
3.10116E-3	3.13034E-1
3.10311E-3	1.7048E-1
3.10507E-3	4.59785E-2
3.10702E-3	1.37899E-1
3.10897E-3	-3.5563E-1
3.11093E-3	-2.89076E-1
3.11288E-3	-4.51121E-1
3.11483E-3	-7.85353E-1
3.11678E-3	-8.58814E-1
3.11874E-3	-1.11086E0
3.12069E-3	-1.35294E0
3.12264E-3	-1.54404E0
3.1246E-3	-1.74039E0
3.12655E-3	-2.11456E0
3.1285E-3	-2.42584E0
3.13046E-3	-2.86415E0
3.13241E-3	-3.01701E0
3.13436E-3	-3.42276E0
3.13632E-3	-3.83387E0
3.13827E-3	-4.06243E0
3.14022E-3	-4.57478E0
3.14218E-3	-5.10043E0
3.14413E-3	-5.57138E0
3.14608E-3	-5.96479E0
3.14803E-3	-6.43645E0
3.14999E-3	-6.99527E0
3.15194E-3	-7.38377E0
3.15389E-3	-8.01021E0
3.15585E-3	-8.28894E0
3.1578E-3	-8.98514E0
3.15975E-3	-9.37042E0
3.16171E-3	-9.81817E0
3.16366E-3	-1.02966E1
3.16561E-3	-1.07946E1
3.16757E-3	-1.12969E1
3.16952E-3	-1.17755E1
3.17147E-3	-1.22115E1
3.17343E-3	-1.24088E1
3.17538E-3	-1.27681E1
3.17733E-3	-1.31971E1
3.17928E-3	-1.33946E1
3.18124E-3	-1.34736E1
3.18319E-3	-1.39921E1
3.18514E-3	-1.39784E1
3.1871E-3	-1.4244E1
3.18905E-3	-1.44157E1
3.191E-3	-1.47281E1
3.19296E-3	-1.46324E1
3.19491E-3	-1.49549E1
3.19686E-3	-1.51002E1
3.19882E-3	-1.52719E1
3.20077E-3	-1.52963E1
3.20272E-3	-1.54344E1
3.20468E-3	-1.56001E1
3.20663E-3	-1.57075E1
3.20858E-3	-1.59626E1
3.21053E-3	-1.60368E1
3.21249E-3	-1.63719E1
3.21444E-3	-1.64387E1
3.2164E-3	-1.68159E1
3.21835E-3	-1.67457E1
3.2203E-3	-1.69666E1
3.22225E-3	-1.72306E1
3.22421E-3	-1.72091E1
3.22616E-3	-1.74738E1
3.22811E-3	-1.73846E1
3.23007E-3	-1.74563E1
3.23202E-3	-1.78072E1
3.23397E-3	-1.76974E1
3.23593E-3	-1.7741E1
3.23788E-3	-1.81085E1
3.23983E-3	-1.80688E1
3.24178E-3	-1.81439E1
3.24374E-3	-1.84654E1
3.24569E-3	-1.8546E1
3.24764E-3	-1.84096E1
3.2496E-3	-1.87121E1
3.25155E-3	-1.88721E1
3.2535E-3	-1.8886E1
3.25546E-3	-1.88997E1
3.25741E-3	-1.91558E1
3.25936E-3	-1.93027E1
3.26132E-3	-1.92585E1
3.26327E-3	-1.94238E1
3.26522E-3	-1.94736E1
3.26718E-3	-1.95677E1
3.26913E-3	-1.95382E1
3.27108E-3	-1.98057E1
3.27303E-3	-1.98809E1
3.27499E-3	-1.98443E1
3.27694E-3	-1.99755E1
3.27889E-3	-1.98823E1
3.28085E-3	-1.99979E1
3.2828E-3	-2.03033E1
3.28475E-3	-2.02441E1
3.28671E-3	-2.02408E1
3.28866E-3	-2.04628E1
3.29061E-3	-2.06963E1
3.29257E-3	-2.06401E1
3.29452E-3	-2.09286E1
3.29647E-3	-2.10369E1
3.29843E-3	-2.11714E1
3.30038E-3	-2.12989E1
3.30233E-3	-2.16689E1
3.30428E-3	-2.17091E1
3.30624E-3	-2.20101E1
3.30819E-3	-2.22469E1
3.31014E-3	-2.23915E1
3.3121E-3	-2.27423E1
3.31405E-3	-2.28958E1
3.316E-3	-2.29401E1
3.31796E-3	-2.32857E1
3.31991E-3	-2.33931E1
3.32186E-3	-2.37431E1
3.32382E-3	-2.37433E1
3.32577E-3	-2.38587E1
3.32772E-3	-2.40817E1
3.32968E-3	-2.43922E1
3.33163E-3	-2.44405E1
3.33358E-3	-2.4513E1
3.33553E-3	-2.47131E1
3.33749E-3	-2.48517E1
3.33944E-3	-2.50262E1
3.34139E-3	-2.50947E1
3.34335E-3	-2.54831E1
3.3453E-3	-2.57207E1
3.34725E-3	-2.58135E1
3.34921E-3	-2.60043E1
3.35116E-3	-2.63339E1
3.35311E-3	-2.63906E1
3.35507E-3	-2.65834E1
3.35702E-3	-2.68403E1
3.35897E-3	-2.69722E1
3.36093E-3	-2.71281E1
3.36288E-3	-2.74096E1
3.36483E-3	-2.75917E1
3.36678E-3	-2.78791E1
3.36874E-3	-2.78431E1
3.37069E-3	-2.8278E1
3.37264E-3	-2.82861E1
3.3746E-3	-2.84483E1
3.37655E-3	-2.84879E1
3.3785E-3	-2.85379E1
3.38046E-3	-2.88233E1
3.38241E-3	-2.87233E1
3.38436E-3	-2.91151E1
3.38632E-3	-2.91858E1
3.38827E-3	-2.92189E1
3.39022E-3	-2.91718E1
3.39218E-3	-2.94057E1
3.39413E-3	-2.95642E1
3.39608E-3	-2.94772E1
3.39803E-3	-2.95976E1
3.39999E-3	-2.97079E1
3.40194E-3	-2.9929E1
3.40389E-3	-2.99954E1
3.40585E-3	-2.99874E1
3.4078E-3	-3.00321E1
3.40975E-3	-2.99138E1
3.41171E-3	-2.99693E1
3.41366E-3	-3.01396E1
3.41561E-3	-3.01767E1
3.41757E-3	-3.01759E1
3.41952E-3	-3.03349E1
3.42147E-3	-3.03497E1
3.42343E-3	-3.04723E1
3.42538E-3	-3.06458E1
3.42733E-3	-3.06399E1
3.42928E-3	-3.06315E1
3.43124E-3	-3.08903E1
3.43319E-3	-3.1116E1
3.43514E-3	-3.1049E1
3.4371E-3	-3.1421E1
3.43905E-3	-3.15046E1
3.441E-3	-3.155E1
3.44296E-3	-3.17218E1
3.44491E-3	-3.18391E1
3.44686E-3	-3.20172E1
3.44882E-3	-3.22737E1
3.45077E-3	-3.25455E1
3.45272E-3	-3.2773E1
3.45468E-3	-3.29818E1
3.45663E-3	-3.33546E1
3.45858E-3	-3.34449E1
3.46053E-3	-3.37826E1
3.46249E-3	-3.40103E1
3.46444E-3	-3.40496E1
3.46639E-3	-3.43958E1
3.46835E-3	-3.47483E1
3.4703E-3	-3.48735E1
3.47225E-3	-3.51089E1
3.47421E-3	-3.52452E1
3.47616E-3	-3.53121E1
3.47811E-3	-3.54794E1
3.48007E-3	-3.57022E1
3.48202E-3	-3.57786E1
3.48397E-3	-3.61484E1
3.48593E-3	-3.60904E1
3.48788E-3	-3.6301E1
3.48983E-3	-3.65871E1
3.49178E-3	-3.64511E1
3.49374E-3	-3.66667E1
3.49569E-3	-3.69146E1
3.49764E-3	-3.69099E1
3.4996E-3	-3.69392E1
3.50155E-3	-3.69843E1
3.5035E-3	-3.69567E1
3.50546E-3	-3.73243E1
3.50741E-3	-3.72712E1
3.50936E-3	-3.7205E1
3.51132E-3	-3.72625E1
3.51327E-3	-3.71891E1
3.51522E-3	-3.73904E1
3.51718E-3	-3.7324E1
3.51913E-3	-3.74567E1
3.52108E-3	-3.74045E1
3.52303E-3	-3.73739E1
3.52499E-3	-3.75326E1
3.52694E-3	-3.73978E1
3.52889E-3	-3.73649E1
3.53085E-3	-3.70555E1
3.5328E-3	-3.70748E1
3.53475E-3	-3.7263E1
3.53671E-3	-3.70704E1
3.53866E-3	-3.69224E1
3.54061E-3	-3.68922E1
3.54257E-3	-3.68676E1
3.54452E-3	-3.69541E1
3.54647E-3	-3.69105E1
3.54843E-3	-3.68719E1
3.55038E-3	-3.65989E1
3.55233E-3	-3.66112E1
3.55428E-3	-3.66387E1
3.55624E-3	-3.66276E1
3.55819E-3	-3.66913E1
3.56014E-3	-3.65178E1
3.5621E-3	-3.62619E1
3.56405E-3	-3.63342E1
3.566E-3	-3.63027E1
3.56796E-3	-3.6405E1
3.56991E-3	-3.63895E1
3.57186E-3	-3.64466E1
3.57382E-3	-3.62223E1
3.57577E-3	-3.60527E1
3.57772E-3	-3.61966E1
3.57968E-3	-3.62923E1
3.58163E-3	-3.61161E1
3.58358E-3	-3.6401E1
3.58553E-3	-3.63627E1
3.58749E-3	-3.62475E1
3.58944E-3	-3.61751E1
3.59139E-3	-3.62527E1
3.59335E-3	-3.65386E1
3.5953E-3	-3.65468E1
3.59725E-3	-3.6556E1
3.59921E-3	-3.6608E1
3.60116E-3	-3.69474E1
3.60311E-3	-3.7021E1
3.60507E-3	-3.69816E1
3.60702E-3	-3.73618E1
3.60897E-3	-3.73736E1
3.61093E-3	-3.73463E1
3.61288E-3	-3.78718E1
3.61483E-3	-3.78207E1
3.61678E-3	-3.78317E1
3.61874E-3	-3.79079E1
3.62069E-3	-3.79445E1
3.62264E-3	-3.80555E1
3.6246E-3	-3.83359E1
3.62655E-3	-3.83439E1
3.6285E-3	-3.8378E1
3.63046E-3	-3.83552E1
3.63241E-3	-3.8539E1
3.63436E-3	-3.86024E1
3.63632E-3	-3.85768E1
3.63827E-3	-3.88344E1
3.64022E-3	-3.88435E1
3.64218E-3	-3.88579E1
3.64413E-3	-3.8891E1
3.64608E-3	-3.88608E1
3.64803E-3	-3.90644E1
3.64999E-3	-3.93454E1
3.65194E-3	-3.93141E1
3.65389E-3	-3.93526E1
3.65585E-3	-3.9355E1
3.6578E-3	-3.93778E1
3.65975E-3	-3.93885E1
3.66171E-3	-3.94076E1
3.66366E-3	-3.93404E1
3.66561E-3	-3.93627E1
3.66757E-3	-3.94447E1
3.66952E-3	-3.94803E1
3.67147E-3	-3.94552E1
3.67343E-3	-3.97252E1
3.67538E-3	-3.99482E1
3.67733E-3	-3.98863E1
3.67928E-3	-3.9896E1
3.68124E-3	-3.98764E1
3.68319E-3	-3.9858E1
3.68514E-3	-3.99441E1
3.6871E-3	-3.99513E1
3.68905E-3	-4.00272E1
3.691E-3	-4.00276E1
3.69296E-3	-4.00293E1
3.69491E-3	-3.9989E1
3.69686E-3	-4.00761E1
3.69882E-3	-3.99869E1
3.70077E-3	-3.9757E1
3.70272E-3	-3.97172E1
3.70468E-3	-3.97582E1
3.70663E-3	-3.97522E1
3.70858E-3	-3.97951E1
3.71053E-3	-3.94859E1
3.71249E-3	-3.94022E1
3.71444E-3	-3.94405E1
3.71639E-3	-3.94461E1
3.71835E-3	-3.9164E1
3.7203E-3	-3.91003E1
3.72225E-3	-3.90364E1
3.72421E-3	-3.89611E1
3.72616E-3	-3.88959E1
3.72811E-3	-3.85871E1
3.73007E-3	-3.85012E1
3.73202E-3	-3.84031E1
3.73397E-3	-3.82131E1
3.73593E-3	-3.79755E1
3.73788E-3	-3.77322E1
3.73983E-3	-3.77545E1
3.74178E-3	-3.74012E1
3.74374E-3	-3.71988E1
3.74569E-3	-3.70801E1
3.74764E-3	-3.67274E1
3.7496E-3	-3.66016E1
3.75155E-3	-3.64768E1
3.7535E-3	-3.61313E1
3.75546E-3	-3.59071E1
3.75741E-3	-3.58924E1
3.75936E-3	-3.55932E1
3.76132E-3	-3.54396E1
3.76327E-3	-3.52927E1
3.76522E-3	-3.48839E1
3.76718E-3	-3.47983E1
3.76913E-3	-3.46712E1
3.77108E-3	-3.43205E1
3.77303E-3	-3.42582E1
3.77499E-3	-3.41159E1
3.77694E-3	-3.37667E1
3.7789E-3	-3.37161E1
3.78085E-3	-3.35232E1
3.7828E-3	-3.32858E1
3.78475E-3	-3.32132E1
3.78671E-3	-3.31929E1
3.78866E-3	-3.27768E1
3.79061E-3	-3.25223E1
3.79257E-3	-3.24934E1
3.79452E-3	-3.23436E1
3.79647E-3	-3.22575E1
3.79843E-3	-3.19462E1
3.80038E-3	-3.19578E1
3.80233E-3	-3.18635E1
3.80428E-3	-3.15946E1
3.80624E-3	-3.15101E1
3.80819E-3	-3.12474E1
3.81014E-3	-3.14668E1
3.8121E-3	-3.11902E1
3.81405E-3	-3.12268E1
3.816E-3	-3.10199E1
3.81796E-3	-3.08753E1
3.81991E-3	-3.09786E1
3.82186E-3	-3.07864E1
3.82382E-3	-3.05441E1
3.82577E-3	-3.06132E1
3.82772E-3	-3.03022E1
3.82968E-3	-3.02052E1
3.83163E-3	-3.02835E1
3.83358E-3	-3.00565E1
3.83554E-3	-2.99734E1
3.83749E-3	-2.9963E1
3.83944E-3	-2.98739E1
3.84139E-3	-2.97823E1
3.84335E-3	-2.96049E1
3.8453E-3	-2.96126E1
3.84725E-3	-2.93653E1
3.84921E-3	-2.92088E1
3.85116E-3	-2.92237E1
3.85311E-3	-2.89137E1
3.85507E-3	-2.87969E1
3.85702E-3	-2.85392E1
3.85897E-3	-2.8704E1
3.86093E-3	-2.84889E1
3.86288E-3	-2.83554E1
3.86483E-3	-2.81654E1
3.86678E-3	-2.80696E1
3.86874E-3	-2.78298E1
3.87069E-3	-2.78642E1
3.87264E-3	-2.75744E1
3.8746E-3	-2.76357E1
3.87655E-3	-2.742E1
3.8785E-3	-2.71881E1
3.88046E-3	-2.71709E1
3.88241E-3	-2.70321E1
3.88436E-3	-2.6971E1
3.88632E-3	-2.67832E1
3.88827E-3	-2.68543E1
3.89022E-3	-2.67962E1
3.89218E-3	-2.65237E1
3.89413E-3	-2.64847E1
3.89608E-3	-2.65088E1
3.89803E-3	-2.6534E1
3.89999E-3	-2.62434E1
3.90194E-3	-2.61405E1
3.90389E-3	-2.62086E1
3.90585E-3	-2.61818E1
3.9078E-3	-2.62536E1
3.90975E-3	-2.61396E1
3.91171E-3	-2.59259E1
3.91366E-3	-2.59069E1
3.91561E-3	-2.58881E1
3.91757E-3	-2.59219E1
3.91952E-3	-2.59317E1
3.92147E-3	-2.59491E1
3.92343E-3	-2.59737E1
3.92538E-3	-2.59733E1
3.92733E-3	-2.60282E1
3.92928E-3	-2.58891E1
3.93124E-3	-2.59006E1
3.93319E-3	-2.5807E1
3.93514E-3	-2.57218E1
3.9371E-3	-2.58839E1
3.93905E-3	-2.60335E1
3.941E-3	-2.58633E1
3.94296E-3	-2.58893E1
3.94491E-3	-2.58192E1
3.94686E-3	-2.59695E1
3.94882E-3	-2.61158E1
3.95077E-3	-2.58664E1
3.95272E-3	-2.60257E1
3.95468E-3	-2.60281E1
3.95663E-3	-2.57788E1
3.95858E-3	-2.57854E1
3.96053E-3	-2.59278E1
3.96249E-3	-2.58341E1
3.96444E-3	-2.59534E1
3.96639E-3	-2.59288E1
3.96835E-3	-2.58956E1
3.9703E-3	-2.59459E1
3.97225E-3	-2.59946E1
3.97421E-3	-2.59576E1
3.97616E-3	-2.58057E1
3.97811E-3	-2.59621E1
3.98007E-3	-2.60125E1
3.98202E-3	-2.58918E1
3.98397E-3	-2.60382E1
3.98593E-3	-2.60557E1
3.98788E-3	-2.61727E1
3.98983E-3	-2.60702E1
3.99178E-3	-2.63872E1
3.99374E-3	-2.64638E1
3.99569E-3	-2.63194E1
3.99764E-3	-2.65127E1
3.9996E-3	-2.64475E1
4.00155E-3	-2.66933E1
4.0035E-3	-2.68024E1
4.00546E-3	-2.67197E1
4.00741E-3	-2.67409E1
4.00936E-3	-2.71039E1
4.01132E-3	-2.71521E1
4.01327E-3	-2.71604E1
4.01522E-3	-2.7184E1
4.01718E-3	-2.71978E1
4.01913E-3	-2.72184E1
4.02108E-3	-2.72345E1
4.02303E-3	-2.72532E1
4.02499E-3	-2.72707E1
4.02694E-3	-2.72887E1
4.02889E-3	-2.7306E1
4.03085E-3	-2.73261E1
4.0328E-3	-2.73383E1
4.03475E-3	-2.73683E1
4.03671E-3	-2.70801E1
4.03866E-3	-2.70463E1
4.04061E-3	-2.71164E1
4.04257E-3	-2.71746E1
4.04452E-3	-2.72885E1
4.04647E-3	-2.71151E1
4.04843E-3	-2.70856E1
4.05038E-3	-2.71142E1
4.05233E-3	-2.71383E1
4.05428E-3	-2.71276E1
4.05624E-3	-2.72932E1
4.05819E-3	-2.725E1
4.06014E-3	-2.71665E1
4.0621E-3	-2.71405E1
4.06405E-3	-2.68687E1
4.066E-3	-2.70803E1
4.06796E-3	-2.70759E1
4.06991E-3	-2.71027E1
4.07186E-3	-2.70903E1
4.07382E-3	-2.72758E1
4.07577E-3	-2.69722E1
4.07772E-3	-2.68117E1
4.07968E-3	-2.69782E1
4.08163E-3	-2.69587E1
4.08358E-3	-2.68696E1
4.08553E-3	-2.66169E1
4.08749E-3	-2.67141E1
4.08944E-3	-2.65985E1
4.09139E-3	-2.63194E1
4.09335E-3	-2.63347E1
4.0953E-3	-2.6376E1
4.09725E-3	-2.63001E1
4.09921E-3	-2.61151E1
4.10116E-3	-2.60695E1
4.10311E-3	-2.60097E1
4.10507E-3	-2.61007E1
4.10702E-3	-2.58873E1
4.10897E-3	-2.58012E1
4.11093E-3	-2.58689E1
4.11288E-3	-2.57659E1
4.11483E-3	-2.6039E1
4.11678E-3	-2.60923E1
4.11874E-3	-2.62003E1
4.12069E-3	-2.57027E1
4.12264E-3	-2.57797E1
4.1246E-3	-2.58582E1
4.12655E-3	-2.57754E1
4.1285E-3	-2.56977E1
4.13046E-3	-2.54848E1
4.13241E-3	-2.55579E1
4.13436E-3	-2.55328E1
4.13632E-3	-2.56029E1
4.13827E-3	-2.54981E1
4.14022E-3	-2.5217E1
4.14218E-3	-2.52278E1
4.14413E-3	-2.52852E1
4.14608E-3	-2.51206E1
4.14803E-3	-2.48683E1
4.14999E-3	-2.49397E1
4.15194E-3	-2.50055E1
4.1539E-3	-2.49586E1
4.15585E-3	-2.46826E1
4.1578E-3	-2.47057E1
4.15975E-3	-2.47522E1
4.16171E-3	-2.45039E1
4.16366E-3	-2.45525E1
4.16561E-3	-2.47102E1
4.16757E-3	-2.44499E1
4.16952E-3	-2.43244E1
4.17147E-3	-2.42605E1
4.17343E-3	-2.39918E1
4.17538E-3	-2.41395E1
4.17733E-3	-2.37198E1
4.17929E-3	-2.36923E1
4.18124E-3	-2.33506E1
4.18319E-3	-2.32517E1
4.18515E-3	-2.31151E1
4.1871E-3	-2.29525E1
4.18905E-3	-2.2894E1
4.191E-3	-2.26952E1
4.19296E-3	-2.25257E1
4.19491E-3	-2.23019E1
4.19686E-3	-2.20701E1
4.19882E-3	-2.18564E1
4.20077E-3	-2.17651E1
4.20272E-3	-2.169E1
4.20468E-3	-2.12744E1
4.20663E-3	-2.11651E1
4.20858E-3	-2.09876E1
4.21054E-3	-2.05597E1
4.21249E-3	-2.05014E1
4.21444E-3	-2.02265E1
4.21639E-3	-2.00816E1
4.21835E-3	-1.98448E1
4.2203E-3	-1.95472E1
4.22225E-3	-1.93509E1
4.22421E-3	-1.90779E1
4.22616E-3	-1.88303E1
4.22811E-3	-1.865E1
4.23007E-3	-1.83028E1
4.23202E-3	-1.81535E1
4.23397E-3	-1.7805E1
4.23593E-3	-1.75066E1
4.23788E-3	-1.72109E1
4.23983E-3	-1.72024E1
4.24178E-3	-1.70116E1
4.24374E-3	-1.65804E1
4.24569E-3	-1.62631E1
4.24765E-3	-1.58961E1
4.2496E-3	-1.57409E1
4.25155E-3	-1.55946E1
4.2535E-3	-1.53382E1
4.25546E-3	-1.51316E1
4.25741E-3	-1.47626E1
4.25936E-3	-1.46052E1
4.26132E-3	-1.432E1
4.26327E-3	-1.40954E1
4.26522E-3	-1.37265E1
4.26718E-3	-1.35645E1
4.26913E-3	-1.34352E1
4.27108E-3	-1.30024E1
4.27304E-3	-1.27892E1
4.27499E-3	-1.23905E1
4.27694E-3	-1.23996E1
4.27889E-3	-1.1955E1
4.28085E-3	-1.1661E1
4.2828E-3	-1.13824E1
4.28475E-3	-1.11057E1
4.28671E-3	-1.08509E1
4.28866E-3	-1.0586E1
4.29061E-3	-1.03132E1
4.29257E-3	-1.00658E1
4.29452E-3	-9.75746E0
4.29647E-3	-9.38908E0
4.29843E-3	-9.08607E0
4.30038E-3	-8.82507E0
4.30233E-3	-8.58875E0
4.30428E-3	-8.22821E0
4.30624E-3	-7.82648E0
4.30819E-3	-7.7095E0
4.31015E-3	-7.58822E0
4.3121E-3	-7.03606E0
4.31405E-3	-6.84543E0
4.316E-3	-6.45419E0
4.31796E-3	-6.13199E0
4.31991E-3	-5.88339E0
4.32186E-3	-5.58343E0
4.32382E-3	-5.2271E0
4.32577E-3	-4.98065E0
4.32772E-3	-4.68962E0
4.32968E-3	-4.26581E0
4.33163E-3	-3.97636E0
4.33358E-3	-3.73582E0
4.33554E-3	-3.36874E0
4.33749E-3	-3.05323E0
4.33944E-3	-2.96014E0
4.3414E-3	-2.50383E0
4.34335E-3	-2.16347E0
4.3453E-3	-2.02725E0
4.34725E-3	-1.739E0
4.34921E-3	-1.31767E0
4.35116E-3	-1.10855E0
4.35311E-3	-7.83033E-1
