temps	chemin
-4.02E-7	2.51019E-2
1.551E-6	2.86253E-2
3.504E-6	1.36378E-1
5.457E-6	8.02026E-2
7.41E-6	1.47663E-1
9.363E-6	2.5526E-1
1.1316E-5	1.55355E-1
1.3269E-5	1.91191E-1
1.5223E-5	2.23211E-1
1.7176E-5	3.81976E-1
1.9129E-5	6.10106E-1
2.1082E-5	5.93528E-1
2.3035E-5	6.28251E-1
2.4988E-5	6.35406E-1
2.6941E-5	6.58268E-1
2.8894E-5	6.72378E-1
3.0848E-5	6.90941E-1
3.2801E-5	7.07463E-1
3.4754E-5	7.24698E-1
3.6707E-5	7.41762E-1
3.866E-5	7.58744E-1
4.0613E-5	7.75887E-1
4.2566E-5	7.92612E-1
4.4519E-5	8.10127E-1
4.6472E-5	8.26219E-1
4.8426E-5	8.44456E-1
5.0379E-5	8.59622E-1
5.2332E-5	8.78757E-1
5.4285E-5	8.92994E-1
5.6238E-5	9.12823E-1
5.8191E-5	1.00467E0
6.0144E-5	9.46496E-1
6.2097E-5	9.6034E-1
6.4051E-5	9.79775E-1
6.6004E-5	9.94155E-1
6.7957E-5	1.01323E0
6.991E-5	1.02725E0
7.1863E-5	1.04777E0
7.3816E-5	1.05846E0
7.577E-5	1.08485E0
7.7723E-5	1.08566E0
7.9676E-5	1.12877E0
8.1629E-5	1.09552E0
8.3582E-5	1.30236E0
8.5535E-5	1.58418E0
8.7488E-5	1.55382E0
8.9441E-5	1.59416E0
9.1394E-5	1.59716E0
9.3348E-5	1.62134E0
9.5301E-5	1.63374E0
9.7254E-5	1.65179E0
9.9207E-5	1.66861E0
1.0116E-4	1.68245E0
1.03113E-4	1.70451E0
1.05066E-4	1.70991E0
1.07019E-4	1.74828E0
1.08973E-4	1.67022E0
1.10926E-4	1.7623E0
1.12879E-4	1.73249E0
1.14832E-4	1.75402E0
1.16785E-4	1.83219E0
1.18738E-4	1.82123E0
1.20691E-4	1.8532E0
1.22644E-4	1.85989E0
1.24598E-4	1.88163E0
1.26551E-4	1.89468E0
1.28504E-4	1.91236E0
1.30457E-4	1.92783E0
1.3241E-4	1.94395E0
1.34363E-4	1.96041E0
1.36316E-4	1.97558E0
1.38269E-4	1.99306E0
1.40223E-4	2.00676E0
1.42176E-4	2.02622E0
1.44129E-4	2.03678E0
1.46082E-4	2.06218E0
1.48035E-4	2.04819E0
1.49988E-4	1.97045E0
1.51941E-4	2.08075E0
1.53894E-4	2.12419E0
1.55848E-4	2.13427E0
1.57801E-4	2.15051E0
1.59754E-4	2.16888E0
1.61707E-4	2.17862E0
1.6366E-4	2.21996E0
1.65613E-4	2.58905E0
1.67566E-4	2.47998E0
1.69519E-4	2.47343E0
1.71472E-4	2.50153E0
1.73426E-4	2.57439E0
1.75379E-4	2.5756E0
1.77332E-4	2.55008E0
1.79285E-4	2.69889E0
1.81238E-4	2.55284E0
1.83191E-4	2.6246E0
1.85145E-4	2.71736E0
1.87097E-4	2.71598E0
1.89051E-4	2.47203E0
1.91004E-4	2.78588E0
1.92957E-4	2.77301E0
1.9491E-4	2.80116E0
1.96863E-4	2.7611E0
1.98816E-4	2.71188E0
2.0077E-4	2.92056E0
2.02723E-4	2.69089E0
2.04676E-4	2.87964E0
2.06629E-4	2.84594E0
2.08582E-4	2.78232E0
2.10535E-4	2.94901E0
2.12488E-4	2.84458E0
2.14441E-4	2.96062E0
2.16394E-4	2.93158E0
2.18348E-4	2.90297E0
2.20301E-4	2.81491E0
2.22254E-4	3.01794E0
2.24207E-4	2.98576E0
2.2616E-4	2.98655E0
2.28113E-4	2.96627E0
2.30066E-4	2.9899E0
2.32019E-4	3.07783E0
2.33973E-4	3.01535E0
2.35926E-4	2.92657E0
2.37879E-4	3.05549E0
2.39832E-4	3.06287E0
2.41785E-4	3.03136E0
2.43738E-4	3.02953E0
2.45691E-4	2.99029E0
2.47644E-4	3.2056E0
2.49598E-4	3.19977E0
2.51551E-4	3.2252E0
2.53504E-4	3.03812E0
2.55457E-4	3.09978E0
2.5741E-4	3.27981E0
2.59363E-4	3.25223E0
2.61316E-4	3.33024E0
2.63269E-4	3.38567E0
2.65222E-4	3.30204E0
2.67176E-4	3.17154E0
2.69129E-4	3.36685E0
2.71082E-4	3.29286E0
2.73035E-4	3.305E0
2.74988E-4	3.33628E0
2.76941E-4	3.47503E0
2.78894E-4	3.42247E0
2.80848E-4	3.45734E0
2.82801E-4	3.51642E0
2.84754E-4	3.37076E0
2.86707E-4	3.53717E0
2.8866E-4	3.46538E0
2.90613E-4	3.39603E0
2.92567E-4	3.52319E0
2.94519E-4	3.58346E0
2.96472E-4	3.45315E0
2.98425E-4	3.56056E0
3.00379E-4	3.57922E0
3.02332E-4	3.49388E0
3.04285E-4	3.60213E0
3.06238E-4	3.63833E0
3.08191E-4	3.72071E0
3.10144E-4	3.64639E0
3.12098E-4	3.68569E0
3.14051E-4	3.67299E0
3.16004E-4	3.73248E0
3.17957E-4	3.57685E0
3.1991E-4	3.74631E0
3.21863E-4	3.70542E0
3.23816E-4	3.611E0
3.2577E-4	3.7872E0
3.27723E-4	3.849E0
3.29676E-4	3.83233E0
3.31629E-4	3.89302E0
3.33582E-4	3.7007E0
3.35535E-4	3.79311E0
3.37488E-4	3.93388E0
3.39441E-4	3.90258E0
3.41394E-4	3.94386E0
3.43347E-4	3.88447E0
3.45301E-4	3.88012E0
3.47254E-4	3.83118E0
3.49207E-4	3.93067E0
3.5116E-4	3.89308E0
3.53113E-4	3.87709E0
3.55066E-4	3.89741E0
3.5702E-4	3.87938E0
3.58973E-4	3.87005E0
3.60926E-4	3.79272E0
3.62879E-4	4.01444E0
3.64832E-4	3.99654E0
3.66785E-4	3.99981E0
3.68738E-4	3.96412E0
3.70691E-4	3.99882E0
3.72644E-4	4.19569E0
3.74597E-4	4.09107E0
3.76551E-4	4.13897E0
3.78504E-4	4.21231E0
3.80457E-4	4.13942E0
3.8241E-4	4.00787E0
3.84363E-4	4.1253E0
3.86316E-4	4.14505E0
3.88269E-4	4.24503E0
3.90223E-4	4.16191E0
3.92176E-4	4.16886E0
3.94129E-4	4.24211E0
3.96082E-4	4.12483E0
3.98035E-4	4.15791E0
3.99988E-4	4.1924E0
4.01942E-4	3.92385E0
4.03894E-4	4.00241E0
4.05847E-4	3.88407E0
4.07801E-4	3.90938E0
4.09754E-4	4.02525E0
4.11707E-4	4.01341E0
4.1366E-4	4.03917E0
4.15613E-4	4.04556E0
4.17566E-4	4.06021E0
4.19519E-4	4.07549E0
4.21473E-4	4.0814E0
4.23426E-4	4.10726E0
4.25379E-4	4.09231E0
4.27332E-4	4.05311E0
4.29285E-4	4.14662E0
4.31238E-4	4.14689E0
4.33191E-4	4.162E0
4.35145E-4	4.17867E0
4.37098E-4	4.18046E0
4.39051E-4	4.21461E0
4.41004E-4	4.17283E0
4.42957E-4	4.16863E0
4.4491E-4	4.25091E0
4.46863E-4	4.24725E0
4.48816E-4	4.25974E0
4.50769E-4	4.28844E0
4.52723E-4	4.23105E0
4.54676E-4	4.26026E0
4.56629E-4	4.32728E0
4.58582E-4	4.31709E0
4.60535E-4	4.34294E0
4.62488E-4	4.34552E0
4.64441E-4	4.36689E0
4.66395E-4	4.36753E0
4.68348E-4	4.40031E0
4.70301E-4	4.26513E0
4.72254E-4	4.36811E0
4.74207E-4	4.44211E0
4.7616E-4	4.42141E0
4.78113E-4	4.4618E0
4.80066E-4	4.43703E0
4.82019E-4	4.40214E0
4.83972E-4	4.49343E0
4.85926E-4	4.49126E0
4.87879E-4	4.51128E0
4.89832E-4	4.51675E0
4.91785E-4	4.53573E0
4.93738E-4	4.53852E0
4.95691E-4	4.56435E0
4.97645E-4	4.5485E0
4.99598E-4	4.50783E0
5.01551E-4	4.60167E0
5.03504E-4	4.59905E0
5.05457E-4	4.61637E0
5.0741E-4	4.62761E0
5.09363E-4	4.63534E0
5.11316E-4	4.65683E0
5.13269E-4	4.64966E0
5.15222E-4	4.69949E0
5.17176E-4	4.55528E0
5.19129E-4	4.63816E0
5.21082E-4	4.73147E0
5.23035E-4	4.70679E0
5.24988E-4	4.74037E0
5.26941E-4	4.7373E0
5.28894E-4	4.75903E0
5.30848E-4	4.76257E0
5.32801E-4	4.78272E0
5.34754E-4	4.768E0
5.36707E-4	4.67884E0
5.3866E-4	4.79639E0
5.40613E-4	4.81042E0
5.42567E-4	4.75961E0
5.4452E-4	4.85848E0
5.46473E-4	4.85117E0
5.48426E-4	4.87193E0
5.50379E-4	4.87766E0
5.52332E-4	4.89237E0
5.54285E-4	4.90102E0
5.56238E-4	4.91444E0
5.58191E-4	4.92324E0
5.60144E-4	4.93699E0
5.62098E-4	4.94514E0
5.64051E-4	4.88119E0
5.66004E-4	4.96726E0
5.67957E-4	4.98134E0
5.6991E-4	4.98941E0
5.71863E-4	5.00327E0
5.73816E-4	5.01104E0
5.7577E-4	5.02611E0
5.77723E-4	5.0304E0
5.79676E-4	5.0549E0
5.81629E-4	4.98627E0
5.83582E-4	5.04512E0
5.85535E-4	5.09225E0
5.87488E-4	4.98007E0
5.89441E-4	4.7375E0
5.91394E-4	4.7115E0
5.93347E-4	4.73454E0
5.95301E-4	4.73817E0
5.97254E-4	4.75331E0
5.99207E-4	4.76104E0
6.0116E-4	4.77347E0
6.03113E-4	4.78296E0
6.05066E-4	4.79411E0
6.0702E-4	4.80431E0
6.08973E-4	4.81504E0
6.10926E-4	4.82523E0
6.12879E-4	4.83637E0
6.14832E-4	4.84536E0
6.16785E-4	4.85842E0
6.18738E-4	4.86425E0
6.20691E-4	4.88193E0
6.22644E-4	4.88099E0
6.24597E-4	4.90842E0
6.26551E-4	4.96984E0
6.28504E-4	4.95083E0
6.30457E-4	4.77426E0
6.3241E-4	4.51144E0
6.34363E-4	4.58827E0
6.36316E-4	4.64331E0
6.38269E-4	4.67182E0
6.40223E-4	4.71419E0
6.42176E-4	4.59805E0
6.44129E-4	4.65144E0
6.46082E-4	4.71392E0
6.48035E-4	4.66323E0
6.49988E-4	4.61024E0
6.51942E-4	4.85717E0
6.53895E-4	4.72174E0
6.55848E-4	4.79695E0
6.578E-4	4.68648E0
6.59754E-4	4.75439E0
6.61707E-4	4.70048E0
6.6366E-4	4.33016E0
6.65613E-4	4.54717E0
6.67566E-4	4.55996E0
6.69519E-4	4.4057E0
6.71473E-4	4.41306E0
6.73426E-4	4.59103E0
6.75379E-4	4.46529E0
6.77332E-4	4.3656E0
6.79285E-4	4.40436E0
6.81238E-4	4.49223E0
6.83191E-4	4.63926E0
6.85145E-4	4.57929E0
6.87098E-4	4.43808E0
6.89051E-4	4.68527E0
6.91004E-4	4.59733E0
6.92957E-4	4.33192E0
6.9491E-4	4.34654E0
6.96863E-4	4.39265E0
6.98816E-4	4.42685E0
7.00769E-4	4.38717E0
7.02722E-4	4.33626E0
7.04676E-4	4.50479E0
7.06629E-4	4.44345E0
7.08582E-4	4.44805E0
7.10535E-4	4.49864E0
7.12488E-4	4.50695E0
7.14441E-4	4.35621E0
7.16395E-4	4.36412E0
7.18348E-4	4.34822E0
7.20301E-4	4.41014E0
7.22254E-4	4.56674E0
7.24207E-4	4.39206E0
7.2616E-4	4.23865E0
7.28113E-4	4.23796E0
7.30066E-4	4.20209E0
7.32019E-4	4.18746E0
7.33972E-4	4.21618E0
7.35926E-4	4.25188E0
7.37879E-4	4.21361E0
7.39832E-4	4.29113E0
7.41785E-4	4.30943E0
7.43738E-4	4.25046E0
7.45691E-4	4.27477E0
7.47644E-4	4.33932E0
7.49598E-4	4.32397E0
7.51551E-4	4.34777E0
7.53504E-4	4.34506E0
7.55457E-4	4.36354E0
7.5741E-4	4.36186E0
7.59363E-4	4.38399E0
7.61317E-4	4.35677E0
7.6327E-4	4.0297E0
7.65222E-4	4.00288E0
7.67175E-4	4.02362E0
7.69129E-4	4.02463E0
7.71082E-4	3.95919E0
7.73035E-4	4.04441E0
7.74988E-4	4.12869E0
7.76941E-4	4.0653E0
7.78894E-4	4.06125E0
7.80848E-4	4.09207E0
7.82801E-4	4.0453E0
7.84754E-4	4.03686E0
7.86707E-4	4.11563E0
7.8866E-4	4.10522E0
7.90613E-4	4.11856E0
7.92566E-4	4.13074E0
7.9452E-4	4.12334E0
7.96473E-4	4.17908E0
7.98426E-4	4.21241E0
8.00379E-4	4.13856E0
8.02332E-4	4.18203E0
8.04285E-4	4.14269E0
8.06238E-4	3.82174E0
8.08191E-4	3.79041E0
8.10144E-4	3.81297E0
8.12097E-4	3.81123E0
8.14051E-4	3.83052E0
8.16004E-4	3.94059E0
8.17957E-4	3.88761E0
8.1991E-4	3.83501E0
8.21863E-4	3.85989E0
8.23816E-4	3.85843E0
8.2577E-4	3.87144E0
8.27723E-4	3.87606E0
8.29676E-4	3.88502E0
8.31629E-4	3.89265E0
8.33582E-4	3.89866E0
8.35535E-4	3.90956E0
8.37488E-4	3.91122E0
8.39441E-4	3.92817E0
8.41394E-4	3.91984E0
8.43347E-4	3.95895E0
8.45301E-4	4.0117E0
8.47254E-4	3.94959E0
8.49207E-4	3.94853E0
8.5116E-4	4.00647E0
8.53113E-4	4.02795E0
8.55066E-4	3.97359E0
8.57019E-4	3.72639E0
8.58973E-4	3.72576E0
8.60926E-4	3.69443E0
8.62879E-4	3.58495E0
8.64832E-4	3.68573E0
8.66785E-4	3.71702E0
8.68738E-4	3.69512E0
8.70692E-4	3.75357E0
8.72645E-4	3.76473E0
8.74597E-4	3.64598E0
8.76551E-4	3.68529E0
8.78504E-4	3.72778E0
8.80457E-4	3.75542E0
8.8241E-4	3.7027E0
8.84363E-4	3.77089E0
8.86316E-4	3.84099E0
8.88269E-4	3.74415E0
8.90223E-4	3.77904E0
8.92176E-4	3.86575E0
8.94129E-4	3.86609E0
8.96082E-4	3.77378E0
8.98035E-4	3.89117E0
8.99988E-4	3.82544E0
9.01941E-4	3.82694E0
9.03895E-4	3.93119E0
9.05848E-4	3.81646E0
9.07801E-4	3.86507E0
9.09754E-4	3.7694E0
9.11707E-4	3.54794E0
9.1366E-4	3.68563E0
9.15613E-4	3.65632E0
9.17566E-4	3.65704E0
9.19519E-4	3.45785E0
9.21473E-4	3.68408E0
9.23426E-4	3.72124E0
9.25379E-4	3.71025E0
9.27332E-4	3.67199E0
9.29285E-4	3.88397E0
9.31238E-4	3.63489E0
9.33191E-4	3.84299E0
9.35145E-4	3.75963E0
9.37098E-4	3.62058E0
9.39051E-4	3.67773E0
9.41004E-4	3.67066E0
9.42957E-4	3.56517E0
9.4491E-4	3.48234E0
9.46863E-4	3.52786E0
9.48816E-4	3.49289E0
9.50769E-4	3.45253E0
9.52722E-4	3.53987E0
9.54676E-4	3.52516E0
9.56629E-4	3.55463E0
9.58582E-4	3.46911E0
9.60535E-4	3.54108E0
9.62488E-4	3.55137E0
9.64441E-4	3.58634E0
9.66395E-4	3.20861E0
9.68348E-4	3.11995E0
9.70301E-4	3.21722E0
9.72254E-4	3.17939E0
9.74207E-4	3.21153E0
9.7616E-4	3.19904E0
9.78113E-4	3.21923E0
9.80067E-4	3.20914E0
9.82019E-4	3.23663E0
9.83972E-4	2.92325E0
9.85926E-4	2.82035E0
9.87879E-4	2.86214E0
9.89832E-4	2.84503E0
9.91785E-4	2.86774E0
9.93738E-4	2.8567E0
9.95691E-4	2.96045E0
9.97644E-4	2.84185E0
9.99598E-4	2.53305E0
1.00155E-3	2.57729E0
1.0035E-3	2.63815E0
1.00546E-3	2.62597E0
1.00741E-3	2.55405E0
1.00936E-3	2.49995E0
1.01132E-3	2.46677E0
1.01327E-3	2.45736E0
1.01522E-3	2.4979E0
1.01718E-3	2.31692E0
1.01913E-3	2.34666E0
1.02108E-3	2.25082E0
1.02303E-3	2.08102E0
1.02499E-3	2.19261E0
1.02694E-3	2.15626E0
1.02889E-3	2.17077E0
1.03085E-3	1.73419E0
1.0328E-3	1.78E0
1.03475E-3	1.79395E0
1.03671E-3	1.82993E0
1.03866E-3	1.57663E0
1.04061E-3	1.39702E0
1.04257E-3	1.53175E0
1.04452E-3	1.37248E0
1.04647E-3	1.10204E0
1.04843E-3	1.0052E0
1.05038E-3	1.13689E0
1.05233E-3	9.52933E-1
1.05428E-3	6.35023E-1
1.05624E-3	6.88315E-1
1.05819E-3	6.13609E-1
1.06014E-3	5.41886E-1
1.0621E-3	5.54935E-1
1.06405E-3	2.69217E-1
1.066E-3	3.13071E-1
1.06796E-3	1.80647E-1
1.06991E-3	-1.30975E-1
1.07186E-3	-1.65937E-2
1.07382E-3	-1.74551E-1
1.07577E-3	-4.36755E-1
1.07772E-3	-4.90837E-1
1.07968E-3	-7.56307E-1
1.08163E-3	-6.10725E-1
1.08358E-3	-9.3204E-1
1.08553E-3	-8.06003E-1
1.08749E-3	-1.14069E0
1.08944E-3	-1.18568E0
1.09139E-3	-1.36102E0
1.09335E-3	-1.59245E0
1.0953E-3	-1.66764E0
1.09725E-3	-1.95535E0
1.09921E-3	-2.06639E0
1.10116E-3	-2.18523E0
1.10311E-3	-2.28249E0
1.10507E-3	-2.48521E0
1.10702E-3	-2.48076E0
1.10897E-3	-2.87992E0
1.11093E-3	-3.03779E0
1.11288E-3	-3.18121E0
1.11483E-3	-3.41881E0
1.11678E-3	-3.6802E0
1.11874E-3	-3.84642E0
1.12069E-3	-3.8561E0
1.12264E-3	-4.08434E0
1.1246E-3	-4.40972E0
1.12655E-3	-4.57396E0
1.1285E-3	-4.68787E0
1.13046E-3	-4.99484E0
1.13241E-3	-5.06278E0
1.13436E-3	-5.40107E0
1.13632E-3	-5.66858E0
1.13827E-3	-5.75184E0
1.14022E-3	-6.13766E0
1.14218E-3	-6.33015E0
1.14413E-3	-6.61711E0
1.14608E-3	-6.89742E0
1.14803E-3	-7.09381E0
1.14999E-3	-7.31054E0
1.15194E-3	-7.33231E0
1.1539E-3	-7.85709E0
1.15585E-3	-8.17649E0
1.1578E-3	-8.46375E0
1.15975E-3	-8.7611E0
1.16171E-3	-8.88229E0
1.16366E-3	-9.26943E0
1.16561E-3	-9.47949E0
1.16757E-3	-9.89241E0
1.16952E-3	-1.00999E1
1.17147E-3	-1.04154E1
1.17343E-3	-1.07122E1
1.17538E-3	-1.10594E1
1.17733E-3	-1.12567E1
1.17928E-3	-1.1619E1
1.18124E-3	-1.20641E1
1.18319E-3	-1.22819E1
1.18514E-3	-1.26942E1
1.1871E-3	-1.32204E1
1.18905E-3	-1.3478E1
1.191E-3	-1.38598E1
1.19296E-3	-1.42136E1
1.19491E-3	-1.46733E1
1.19686E-3	-1.50504E1
1.19882E-3	-1.5463E1
1.20077E-3	-1.59423E1
1.20272E-3	-1.61814E1
1.20468E-3	-1.66447E1
1.20663E-3	-1.71268E1
1.20858E-3	-1.75641E1
1.21053E-3	-1.80255E1
1.21249E-3	-1.84497E1
1.21444E-3	-1.89079E1
1.21639E-3	-1.95013E1
1.21835E-3	-2.00763E1
1.2203E-3	-2.04663E1
1.22225E-3	-2.09808E1
1.22421E-3	-2.1391E1
1.22616E-3	-2.20223E1
1.22811E-3	-2.25596E1
1.23007E-3	-2.31473E1
1.23202E-3	-2.36222E1
1.23397E-3	-2.43272E1
1.23593E-3	-2.47974E1
1.23788E-3	-2.53437E1
1.23983E-3	-2.611E1
1.24178E-3	-2.67897E1
1.24374E-3	-2.74304E1
1.24569E-3	-2.81386E1
1.24764E-3	-2.89354E1
1.2496E-3	-2.96685E1
1.25155E-3	-3.03392E1
1.2535E-3	-3.11698E1
1.25546E-3	-3.20511E1
1.25741E-3	-3.28733E1
1.25936E-3	-3.38992E1
1.26132E-3	-3.48073E1
1.26327E-3	-3.58162E1
1.26522E-3	-3.68421E1
1.26718E-3	-3.77672E1
1.26913E-3	-3.88979E1
1.27108E-3	-3.98152E1
1.27303E-3	-4.09303E1
1.27499E-3	-4.192E1
1.27694E-3	-4.29267E1
1.27889E-3	-4.41083E1
1.28085E-3	-4.5073E1
1.2828E-3	-4.61721E1
1.28475E-3	-4.73687E1
1.28671E-3	-4.83624E1
1.28866E-3	-4.93942E1
1.29061E-3	-5.04742E1
1.29257E-3	-5.17119E1
1.29452E-3	-5.28399E1
1.29647E-3	-5.39673E1
1.29843E-3	-5.52336E1
1.30038E-3	-5.63466E1
1.30233E-3	-5.76768E1
1.30428E-3	-5.90374E1
1.30624E-3	-6.0212E1
1.30819E-3	-6.15268E1
1.31014E-3	-6.28449E1
1.3121E-3	-6.42191E1
1.31405E-3	-6.54611E1
1.316E-3	-6.68279E1
1.31796E-3	-6.82126E1
1.31991E-3	-6.95323E1
1.32186E-3	-7.08541E1
1.32382E-3	-7.2147E1
1.32577E-3	-7.35469E1
1.32772E-3	-7.48374E1
1.32968E-3	-7.60676E1
1.33163E-3	-7.74994E1
1.33358E-3	-7.8793E1
1.33553E-3	-8.00617E1
1.33749E-3	-8.13241E1
1.33944E-3	-8.28234E1
1.34139E-3	-8.42201E1
1.34335E-3	-8.53486E1
1.3453E-3	-8.67721E1
1.34725E-3	-8.82812E1
1.34921E-3	-8.96365E1
1.35116E-3	-9.10559E1
1.35311E-3	-9.24315E1
1.35507E-3	-9.38455E1
1.35702E-3	-9.52932E1
1.35897E-3	-9.66806E1
1.36093E-3	-9.80713E1
1.36288E-3	-9.9577E1
1.36483E-3	-1.00915E2
1.36678E-3	-1.02155E2
1.36874E-3	-1.03782E2
1.37069E-3	-1.05157E2
1.37264E-3	-1.06428E2
1.3746E-3	-1.07908E2
1.37655E-3	-1.09329E2
1.3785E-3	-1.10701E2
1.38046E-3	-1.12148E2
1.38241E-3	-1.13694E2
1.38436E-3	-1.15101E2
1.38632E-3	-1.16352E2
1.38827E-3	-1.17856E2
1.39022E-3	-1.19345E2
1.39218E-3	-1.2065E2
1.39413E-3	-1.22237E2
1.39608E-3	-1.23755E2
1.39803E-3	-1.25263E2
1.39999E-3	-1.26595E2
1.40194E-3	-1.28083E2
1.40389E-3	-1.29643E2
1.40585E-3	-1.30941E2
1.4078E-3	-1.32617E2
1.40975E-3	-1.34063E2
1.41171E-3	-1.35849E2
1.41366E-3	-1.37594E2
1.41561E-3	-1.38448E2
1.41757E-3	-1.40043E2
1.41952E-3	-1.41376E2
1.42147E-3	-1.42979E2
1.42343E-3	-1.44524E2
1.42538E-3	-1.45861E2
1.42733E-3	-1.4718E2
1.42928E-3	-1.4864E2
1.43124E-3	-1.50067E2
1.43319E-3	-1.51376E2
1.43514E-3	-1.52683E2
1.4371E-3	-1.54124E2
1.43905E-3	-1.55545E2
1.441E-3	-1.56758E2
1.44296E-3	-1.58085E2
1.44491E-3	-1.59388E2
1.44686E-3	-1.60644E2
1.44882E-3	-1.61846E2
1.45077E-3	-1.63017E2
1.45272E-3	-1.64421E2
1.45468E-3	-1.65616E2
1.45663E-3	-1.66587E2
1.45858E-3	-1.67898E2
1.46053E-3	-1.69036E2
1.46249E-3	-1.7025E2
1.46444E-3	-1.71342E2
1.46639E-3	-1.72578E2
1.46835E-3	-1.73739E2
1.4703E-3	-1.74856E2
1.47225E-3	-1.76047E2
1.47421E-3	-1.77061E2
1.47616E-3	-1.78238E2
1.47811E-3	-1.79405E2
1.48007E-3	-1.80574E2
1.48202E-3	-1.81517E2
1.48397E-3	-1.82627E2
1.48593E-3	-1.83862E2
1.48788E-3	-1.8496E2
1.48983E-3	-1.86116E2
1.49178E-3	-1.871E2
1.49374E-3	-1.88433E2
1.49569E-3	-1.89456E2
1.49764E-3	-1.90614E2
1.4996E-3	-1.91685E2
1.50155E-3	-1.92682E2
1.5035E-3	-1.93862E2
1.50546E-3	-1.95064E2
1.50741E-3	-1.96206E2
1.50936E-3	-1.971E2
1.51132E-3	-1.98283E2
1.51327E-3	-1.99531E2
1.51522E-3	-2.00631E2
1.51718E-3	-2.01659E2
1.51913E-3	-2.0275E2
1.52108E-3	-2.03818E2
1.52303E-3	-2.04779E2
1.52499E-3	-2.05922E2
1.52694E-3	-2.0664E2
1.52889E-3	-2.07548E2
1.53085E-3	-2.08392E2
1.5328E-3	-2.09121E2
1.53475E-3	-2.09993E2
1.53671E-3	-2.10505E2
1.53866E-3	-2.11084E2
1.54061E-3	-2.11655E2
1.54257E-3	-2.1201E2
1.54452E-3	-2.12642E2
1.54647E-3	-2.13081E2
1.54843E-3	-2.13384E2
1.55038E-3	-2.13905E2
1.55233E-3	-2.14348E2
1.55428E-3	-2.14498E2
1.55624E-3	-2.14791E2
1.55819E-3	-2.15169E2
1.56014E-3	-2.15297E2
1.5621E-3	-2.15553E2
1.56405E-3	-2.15788E2
1.566E-3	-2.16049E2
1.56796E-3	-2.16277E2
1.56991E-3	-2.16544E2
1.57186E-3	-2.16458E2
1.57382E-3	-2.1658E2
1.57577E-3	-2.16755E2
1.57772E-3	-2.16851E2
1.57968E-3	-2.16805E2
1.58163E-3	-2.16851E2
1.58358E-3	-2.1677E2
1.58553E-3	-2.16774E2
1.58749E-3	-2.16786E2
1.58944E-3	-2.16603E2
1.59139E-3	-2.16392E2
1.59335E-3	-2.16326E2
1.5953E-3	-2.15976E2
1.59725E-3	-2.15572E2
1.59921E-3	-2.15217E2
1.60116E-3	-2.14989E2
1.60311E-3	-2.14645E2
1.60507E-3	-2.14097E2
1.60702E-3	-2.13723E2
1.60897E-3	-2.13037E2
1.61093E-3	-2.1266E2
1.61288E-3	-2.12143E2
1.61483E-3	-2.11664E2
1.61678E-3	-2.11146E2
1.61874E-3	-2.10562E2
1.62069E-3	-2.10066E2
1.62264E-3	-2.0947E2
1.6246E-3	-2.08902E2
1.62655E-3	-2.08252E2
1.6285E-3	-2.07751E2
1.63046E-3	-2.06992E2
1.63241E-3	-2.06235E2
1.63436E-3	-2.05651E2
1.63632E-3	-2.04981E2
1.63827E-3	-2.04409E2
1.64022E-3	-2.03671E2
1.64218E-3	-2.02948E2
1.64413E-3	-2.02378E2
1.64608E-3	-2.0145E2
1.64803E-3	-2.00773E2
1.64999E-3	-2.00206E2
1.65194E-3	-1.99456E2
1.65389E-3	-1.98842E2
1.65585E-3	-1.98197E2
1.6578E-3	-1.97747E2
1.65975E-3	-1.97208E2
1.66171E-3	-1.96392E2
1.66366E-3	-1.95906E2
1.66561E-3	-1.9534E2
1.66757E-3	-1.94736E2
1.66952E-3	-1.94125E2
1.67147E-3	-1.93603E2
1.67343E-3	-1.93256E2
1.67538E-3	-1.92786E2
1.67733E-3	-1.92273E2
1.67928E-3	-1.91568E2
1.68124E-3	-1.91159E2
1.68319E-3	-1.90639E2
1.68514E-3	-1.90142E2
1.6871E-3	-1.89785E2
1.68905E-3	-1.89209E2
1.691E-3	-1.88713E2
1.69296E-3	-1.88078E2
1.69491E-3	-1.87622E2
1.69686E-3	-1.87125E2
1.69882E-3	-1.86501E2
1.70077E-3	-1.85873E2
1.70272E-3	-1.85382E2
1.70468E-3	-1.84915E2
1.70663E-3	-1.84168E2
1.70858E-3	-1.83713E2
1.71053E-3	-1.83169E2
1.71249E-3	-1.82705E2
1.71444E-3	-1.82168E2
1.71639E-3	-1.81379E2
1.71835E-3	-1.80962E2
1.7203E-3	-1.80397E2
1.72225E-3	-1.79885E2
1.72421E-3	-1.79313E2
1.72616E-3	-1.78753E2
1.72811E-3	-1.782E2
1.73007E-3	-1.77796E2
1.73202E-3	-1.77353E2
1.73397E-3	-1.76463E2
1.73593E-3	-1.76067E2
1.73788E-3	-1.75476E2
1.73983E-3	-1.75035E2
1.74178E-3	-1.7451E2
1.74374E-3	-1.73845E2
1.74569E-3	-1.7331E2
1.74764E-3	-1.72721E2
1.7496E-3	-1.72357E2
1.75155E-3	-1.71645E2
1.7535E-3	-1.71247E2
1.75546E-3	-1.70772E2
1.75741E-3	-1.70187E2
1.75936E-3	-1.69768E2
1.76132E-3	-1.69073E2
1.76327E-3	-1.68742E2
1.76522E-3	-1.68113E2
1.76718E-3	-1.67623E2
1.76913E-3	-1.67322E2
1.77108E-3	-1.66549E2
1.77303E-3	-1.66267E2
1.77499E-3	-1.65658E2
1.77694E-3	-1.6518E2
1.77889E-3	-1.64633E2
1.78085E-3	-1.63896E2
1.7828E-3	-1.63547E2
1.78475E-3	-1.62945E2
1.78671E-3	-1.62542E2
1.78866E-3	-1.61965E2
1.79061E-3	-1.61351E2
1.79257E-3	-1.609E2
1.79452E-3	-1.60539E2
1.79647E-3	-1.5999E2
1.79843E-3	-1.59474E2
1.80038E-3	-1.59027E2
1.80233E-3	-1.5854E2
1.80428E-3	-1.58029E2
1.80624E-3	-1.5762E2
1.80819E-3	-1.57332E2
1.81014E-3	-1.56734E2
1.8121E-3	-1.56339E2
1.81405E-3	-1.5582E2
1.816E-3	-1.55453E2
1.81796E-3	-1.55037E2
1.81991E-3	-1.54525E2
1.82186E-3	-1.54072E2
1.82382E-3	-1.53491E2
1.82577E-3	-1.53033E2
1.82772E-3	-1.52637E2
1.82968E-3	-1.52248E2
1.83163E-3	-1.51689E2
1.83358E-3	-1.51274E2
1.83554E-3	-1.50787E2
1.83749E-3	-1.50257E2
1.83944E-3	-1.49757E2
1.8414E-3	-1.4948E2
1.84335E-3	-1.48922E2
1.8453E-3	-1.48522E2
1.84725E-3	-1.48024E2
1.84921E-3	-1.4762E2
1.85116E-3	-1.47295E2
1.85311E-3	-1.46793E2
1.85507E-3	-1.46499E2
1.85702E-3	-1.46135E2
1.85897E-3	-1.45712E2
1.86093E-3	-1.45343E2
1.86288E-3	-1.44974E2
1.86483E-3	-1.44546E2
1.86678E-3	-1.44372E2
1.86874E-3	-1.43922E2
1.87069E-3	-1.4363E2
1.87264E-3	-1.4325E2
1.8746E-3	-1.42828E2
1.87655E-3	-1.42599E2
1.8785E-3	-1.42215E2
1.88046E-3	-1.41747E2
1.88241E-3	-1.41595E2
1.88436E-3	-1.41205E2
1.88632E-3	-1.40942E2
1.88827E-3	-1.40539E2
1.89022E-3	-1.40151E2
1.89218E-3	-1.398E2
1.89413E-3	-1.39485E2
1.89608E-3	-1.39182E2
1.89803E-3	-1.38899E2
1.89999E-3	-1.38441E2
1.90194E-3	-1.3798E2
1.90389E-3	-1.3773E2
1.90585E-3	-1.37535E2
1.9078E-3	-1.37019E2
1.90975E-3	-1.36722E2
1.91171E-3	-1.36502E2
1.91366E-3	-1.36079E2
1.91561E-3	-1.35682E2
1.91757E-3	-1.35411E2
1.91952E-3	-1.35178E2
1.92147E-3	-1.34753E2
1.92343E-3	-1.34463E2
1.92538E-3	-1.34198E2
1.92733E-3	-1.33931E2
1.92928E-3	-1.33598E2
1.93124E-3	-1.33182E2
1.93319E-3	-1.33128E2
1.93514E-3	-1.3279E2
1.9371E-3	-1.32621E2
1.93905E-3	-1.32001E2
1.941E-3	-1.31841E2
1.94296E-3	-1.31598E2
1.94491E-3	-1.31263E2
1.94686E-3	-1.30848E2
1.94882E-3	-1.30727E2
1.95077E-3	-1.30353E2
1.95272E-3	-1.30114E2
1.95468E-3	-1.29621E2
1.95663E-3	-1.29237E2
1.95858E-3	-1.29002E2
1.96053E-3	-1.2871E2
1.96249E-3	-1.28426E2
1.96444E-3	-1.28195E2
1.96639E-3	-1.27812E2
1.96835E-3	-1.27674E2
1.9703E-3	-1.27184E2
1.97225E-3	-1.26889E2
1.97421E-3	-1.26772E2
1.97616E-3	-1.26588E2
1.97811E-3	-1.26548E2
1.98007E-3	-1.26187E2
1.98202E-3	-1.25958E2
1.98397E-3	-1.25802E2
1.98593E-3	-1.25645E2
1.98788E-3	-1.25535E2
1.98983E-3	-1.25232E2
1.99178E-3	-1.25293E2
1.99374E-3	-1.25287E2
1.99569E-3	-1.24866E2
1.99764E-3	-1.24916E2
1.9996E-3	-1.24711E2
2.00155E-3	-1.24723E2
2.0035E-3	-1.24708E2
2.00546E-3	-1.24394E2
2.00741E-3	-1.24545E2
2.00936E-3	-1.24327E2
2.01132E-3	-1.24042E2
2.01327E-3	-1.23994E2
2.01522E-3	-1.23838E2
2.01718E-3	-1.23469E2
2.01913E-3	-1.23531E2
2.02108E-3	-1.23313E2
2.02303E-3	-1.2322E2
2.02499E-3	-1.22908E2
2.02694E-3	-1.22904E2
2.02889E-3	-1.22814E2
2.03085E-3	-1.22524E2
2.0328E-3	-1.22487E2
2.03475E-3	-1.22499E2
2.03671E-3	-1.22324E2
2.03866E-3	-1.22088E2
2.04061E-3	-1.22102E2
2.04257E-3	-1.21789E2
2.04452E-3	-1.218E2
2.04647E-3	-1.21851E2
2.04843E-3	-1.21587E2
2.05038E-3	-1.21432E2
2.05233E-3	-1.21412E2
2.05428E-3	-1.21159E2
2.05624E-3	-1.21134E2
2.05819E-3	-1.21099E2
2.06014E-3	-1.21075E2
2.0621E-3	-1.20963E2
2.06405E-3	-1.20845E2
2.066E-3	-1.20679E2
2.06796E-3	-1.20699E2
2.06991E-3	-1.20689E2
2.07186E-3	-1.20619E2
2.07382E-3	-1.20367E2
2.07577E-3	-1.20427E2
2.07772E-3	-1.20398E2
2.07968E-3	-1.20155E2
2.08163E-3	-1.20009E2
2.08358E-3	-1.20114E2
2.08553E-3	-1.19813E2
2.08749E-3	-1.19702E2
2.08944E-3	-1.19546E2
2.09139E-3	-1.19419E2
2.09335E-3	-1.19377E2
2.0953E-3	-1.19177E2
2.09725E-3	-1.18944E2
2.09921E-3	-1.18878E2
2.10116E-3	-1.1868E2
2.10311E-3	-1.18391E2
2.10507E-3	-1.18372E2
2.10702E-3	-1.18166E2
2.10897E-3	-1.17691E2
2.11093E-3	-1.17538E2
2.11288E-3	-1.17385E2
2.11483E-3	-1.17114E2
2.11678E-3	-1.1701E2
2.11874E-3	-1.1653E2
2.12069E-3	-1.16386E2
2.12264E-3	-1.16208E2
2.1246E-3	-1.15982E2
2.12655E-3	-1.1568E2
2.1285E-3	-1.15247E2
2.13046E-3	-1.15124E2
2.13241E-3	-1.14736E2
2.13436E-3	-1.14503E2
2.13632E-3	-1.14192E2
2.13827E-3	-1.1389E2
2.14022E-3	-1.13649E2
2.14218E-3	-1.13451E2
2.14413E-3	-1.13141E2
2.14608E-3	-1.12879E2
2.14803E-3	-1.12566E2
2.14999E-3	-1.12292E2
2.15194E-3	-1.12218E2
2.15389E-3	-1.11893E2
2.15585E-3	-1.11617E2
2.1578E-3	-1.1153E2
2.15975E-3	-1.11256E2
2.16171E-3	-1.11159E2
2.16366E-3	-1.1105E2
2.16561E-3	-1.10764E2
2.16757E-3	-1.10608E2
2.16952E-3	-1.10427E2
2.17147E-3	-1.1025E2
2.17343E-3	-1.1001E2
2.17538E-3	-1.09919E2
2.17733E-3	-1.09893E2
2.17928E-3	-1.09757E2
2.18124E-3	-1.09555E2
2.18319E-3	-1.09346E2
2.18514E-3	-1.09272E2
2.1871E-3	-1.08997E2
2.18905E-3	-1.08887E2
2.191E-3	-1.08681E2
2.19296E-3	-1.08667E2
2.19491E-3	-1.0847E2
2.19686E-3	-1.08297E2
2.19882E-3	-1.08231E2
2.20077E-3	-1.07935E2
2.20272E-3	-1.07873E2
2.20468E-3	-1.07656E2
2.20663E-3	-1.0747E2
2.20858E-3	-1.07502E2
2.21053E-3	-1.07162E2
2.21249E-3	-1.07111E2
2.21444E-3	-1.06891E2
2.21639E-3	-1.06824E2
2.21835E-3	-1.06853E2
2.2203E-3	-1.06596E2
2.22225E-3	-1.06366E2
2.22421E-3	-1.06329E2
2.22616E-3	-1.05974E2
2.22811E-3	-1.05765E2
2.23007E-3	-1.05579E2
2.23202E-3	-1.05391E2
2.23397E-3	-1.05234E2
2.23593E-3	-1.05022E2
2.23788E-3	-1.04795E2
2.23983E-3	-1.04581E2
2.24178E-3	-1.04409E2
2.24374E-3	-1.04038E2
2.24569E-3	-1.03804E2
2.24764E-3	-1.03513E2
2.2496E-3	-1.03356E2
2.25155E-3	-1.02908E2
2.2535E-3	-1.02735E2
2.25546E-3	-1.02526E2
2.25741E-3	-1.02132E2
2.25936E-3	-1.01719E2
2.26132E-3	-1.01615E2
2.26327E-3	-1.01242E2
2.26522E-3	-1.00798E2
2.26718E-3	-1.00482E2
2.26913E-3	-1.00407E2
2.27108E-3	-1.0002E2
2.27303E-3	-9.96463E1
2.27499E-3	-9.93938E1
2.27694E-3	-9.91202E1
2.27889E-3	-9.86277E1
2.28085E-3	-9.83181E1
2.2828E-3	-9.7893E1
2.28475E-3	-9.74568E1
2.28671E-3	-9.71172E1
2.28866E-3	-9.68202E1
2.29061E-3	-9.66057E1
2.29257E-3	-9.60812E1
2.29452E-3	-9.57383E1
2.29647E-3	-9.5502E1
2.29843E-3	-9.51799E1
2.30038E-3	-9.489E1
2.30233E-3	-9.46146E1
2.30428E-3	-9.44244E1
2.30624E-3	-9.43149E1
2.30819E-3	-9.38799E1
2.31014E-3	-9.37268E1
2.3121E-3	-9.34911E1
2.31405E-3	-9.31816E1
2.316E-3	-9.30091E1
2.31796E-3	-9.29244E1
2.31991E-3	-9.26945E1
2.32186E-3	-9.26766E1
2.32382E-3	-9.26566E1
2.32577E-3	-9.25855E1
2.32772E-3	-9.23187E1
2.32968E-3	-9.23214E1
2.33163E-3	-9.23169E1
2.33358E-3	-9.23751E1
2.33553E-3	-9.21257E1
2.33749E-3	-9.19492E1
2.33944E-3	-9.2012E1
2.34139E-3	-9.20026E1
2.34335E-3	-9.20279E1
2.3453E-3	-9.20397E1
2.34725E-3	-9.20484E1
2.34921E-3	-9.20925E1
2.35116E-3	-9.24485E1
2.35311E-3	-9.24896E1
2.35507E-3	-9.25054E1
2.35702E-3	-9.25046E1
2.35897E-3	-9.28352E1
2.36093E-3	-9.29576E1
2.36288E-3	-9.2942E1
2.36483E-3	-9.32005E1
2.36678E-3	-9.30489E1
2.36874E-3	-9.32184E1
2.37069E-3	-9.3425E1
2.37264E-3	-9.3395E1
2.3746E-3	-9.34605E1
2.37655E-3	-9.38053E1
2.3785E-3	-9.38517E1
2.38046E-3	-9.38687E1
2.38241E-3	-9.38606E1
2.38436E-3	-9.42099E1
2.38632E-3	-9.42816E1
2.38827E-3	-9.42429E1
2.39022E-3	-9.43481E1
2.39218E-3	-9.4334E1
2.39413E-3	-9.43573E1
2.39608E-3	-9.43022E1
2.39803E-3	-9.43683E1
2.39999E-3	-9.44425E1
2.40194E-3	-9.41658E1
2.40389E-3	-9.40923E1
2.40585E-3	-9.40722E1
2.4078E-3	-9.40928E1
2.40975E-3	-9.39294E1
2.41171E-3	-9.37073E1
2.41366E-3	-9.38281E1
2.41561E-3	-9.38836E1
2.41757E-3	-9.36054E1
2.41952E-3	-9.34566E1
2.42147E-3	-9.35157E1
2.42343E-3	-9.33385E1
2.42538E-3	-9.34149E1
2.42733E-3	-9.31635E1
2.42928E-3	-9.30523E1
2.43124E-3	-9.30755E1
2.43319E-3	-9.27101E1
2.43514E-3	-9.2759E1
2.4371E-3	-9.24943E1
2.43905E-3	-9.23555E1
2.441E-3	-9.22582E1
2.44296E-3	-9.20348E1
2.44491E-3	-9.20205E1
2.44686E-3	-9.17561E1
2.44882E-3	-9.19314E1
2.45077E-3	-9.16219E1
2.45272E-3	-9.17001E1
2.45468E-3	-9.1555E1
2.45663E-3	-9.13148E1
2.45858E-3	-9.12832E1
2.46053E-3	-9.0954E1
2.46249E-3	-9.09824E1
2.46444E-3	-9.07846E1
2.46639E-3	-9.06189E1
2.46835E-3	-9.05717E1
2.4703E-3	-9.03988E1
2.47225E-3	-9.01072E1
2.47421E-3	-8.98921E1
2.47616E-3	-8.96614E1
2.47811E-3	-8.94077E1
2.48007E-3	-8.92725E1
2.48202E-3	-8.91938E1
2.48397E-3	-8.88561E1
2.48593E-3	-8.87617E1
2.48788E-3	-8.84022E1
2.48983E-3	-8.8154E1
2.49178E-3	-8.79754E1
2.49374E-3	-8.7541E1
2.49569E-3	-8.73488E1
2.49764E-3	-8.73481E1
2.4996E-3	-8.70357E1
2.50155E-3	-8.69395E1
2.5035E-3	-8.65927E1
2.50546E-3	-8.63232E1
2.50741E-3	-8.61325E1
2.50936E-3	-8.58404E1
2.51132E-3	-8.58837E1
2.51327E-3	-8.56614E1
2.51522E-3	-8.52298E1
2.51718E-3	-8.51974E1
2.51913E-3	-8.49861E1
2.52108E-3	-8.46623E1
2.52303E-3	-8.44517E1
2.52499E-3	-8.42872E1
2.52694E-3	-8.3897E1
2.52889E-3	-8.37825E1
2.53085E-3	-8.35802E1
2.5328E-3	-8.33659E1
2.53475E-3	-8.31916E1
2.53671E-3	-8.27807E1
2.53866E-3	-8.26907E1
2.54061E-3	-8.26502E1
2.54257E-3	-8.23997E1
2.54452E-3	-8.21728E1
2.54647E-3	-8.19627E1
2.54843E-3	-8.17159E1
2.55038E-3	-8.15523E1
2.55233E-3	-8.14827E1
2.55428E-3	-8.1068E1
2.55624E-3	-8.10992E1
2.55819E-3	-8.09463E1
2.56014E-3	-8.04865E1
2.5621E-3	-8.04811E1
2.56405E-3	-8.03003E1
2.566E-3	-8.01464E1
2.56796E-3	-7.986E1
2.56991E-3	-7.97304E1
2.57186E-3	-7.9495E1
2.57382E-3	-7.94291E1
2.57577E-3	-7.91555E1
2.57772E-3	-7.90472E1
2.57968E-3	-7.88127E1
2.58163E-3	-7.87645E1
2.58358E-3	-7.87846E1
2.58553E-3	-7.84444E1
2.58749E-3	-7.83196E1
2.58944E-3	-7.78549E1
2.59139E-3	-7.74785E1
2.59335E-3	-7.6907E1
2.5953E-3	-7.66556E1
2.59725E-3	-7.61414E1
2.59921E-3	-7.54862E1
2.60116E-3	-7.50129E1
2.60311E-3	-7.43736E1
2.60507E-3	-7.38161E1
2.60702E-3	-7.29797E1
2.60897E-3	-7.25875E1
2.61093E-3	-7.20108E1
2.61288E-3	-7.15342E1
2.61483E-3	-7.09364E1
2.61678E-3	-7.03754E1
2.61874E-3	-6.98574E1
2.62069E-3	-6.93224E1
2.62264E-3	-6.87038E1
2.6246E-3	-6.79222E1
2.62655E-3	-6.74689E1
2.6285E-3	-6.68588E1
2.63046E-3	-6.61464E1
2.63241E-3	-6.50783E1
2.63436E-3	-6.40602E1
2.63632E-3	-6.29412E1
2.63827E-3	-6.19254E1
2.64022E-3	-6.05876E1
2.64218E-3	-5.89252E1
2.64413E-3	-5.74546E1
2.64608E-3	-5.58164E1
2.64803E-3	-5.40992E1
2.64999E-3	-5.24536E1
2.65194E-3	-5.08043E1
2.65389E-3	-4.90687E1
2.65585E-3	-4.75175E1
2.6578E-3	-4.60686E1
2.65975E-3	-4.46413E1
2.66171E-3	-4.31477E1
2.66366E-3	-4.19728E1
2.66561E-3	-4.0622E1
2.66757E-3	-3.92691E1
2.66952E-3	-3.81232E1
2.67147E-3	-3.68875E1
2.67343E-3	-3.57406E1
2.67538E-3	-3.46049E1
2.67733E-3	-3.33751E1
2.67928E-3	-3.21743E1
2.68124E-3	-3.11043E1
2.68319E-3	-2.97228E1
2.68514E-3	-2.84807E1
2.6871E-3	-2.72937E1
2.68905E-3	-2.62561E1
2.691E-3	-2.50649E1
2.69296E-3	-2.39778E1
2.69491E-3	-2.28787E1
2.69686E-3	-2.21699E1
2.69882E-3	-2.10994E1
2.70077E-3	-2.01123E1
2.70272E-3	-1.9287E1
2.70468E-3	-1.8315E1
2.70663E-3	-1.75359E1
2.70858E-3	-1.69013E1
2.71053E-3	-1.59412E1
2.71249E-3	-1.50997E1
2.71444E-3	-1.42709E1
2.71639E-3	-1.35738E1
2.71835E-3	-1.27964E1
2.7203E-3	-1.2157E1
2.72225E-3	-1.15968E1
2.72421E-3	-1.06969E1
2.72616E-3	-1.00866E1
2.72811E-3	-9.20157E0
2.73007E-3	-8.54238E0
2.73202E-3	-7.92085E0
2.73397E-3	-7.17257E0
2.73593E-3	-6.48905E0
2.73788E-3	-5.63143E0
2.73983E-3	-4.97768E0
2.74178E-3	-4.24974E0
2.74374E-3	-3.40863E0
2.74569E-3	-2.79744E0
2.74764E-3	-2.22943E0
2.7496E-3	-1.45948E0
2.75155E-3	-6.11906E-1
2.7535E-3	3.29408E-2
2.75546E-3	6.48151E-1
2.75741E-3	1.43934E0
2.75936E-3	2.10264E0
2.76132E-3	2.71291E0
2.76327E-3	3.26895E0
2.76522E-3	4.0966E0
2.76718E-3	4.76885E0
2.76913E-3	5.46268E0
2.77108E-3	6.10053E0
2.77303E-3	6.73386E0
2.77499E-3	7.37274E0
2.77694E-3	7.9829E0
2.7789E-3	8.80729E0
2.78085E-3	9.41277E0
2.7828E-3	1.01495E1
2.78475E-3	1.08735E1
2.78671E-3	1.16705E1
2.78866E-3	1.23701E1
2.79061E-3	1.29414E1
2.79257E-3	1.36963E1
2.79452E-3	1.44743E1
2.79647E-3	1.51526E1
2.79843E-3	1.58422E1
2.80038E-3	1.67515E1
2.80233E-3	1.6941E1
2.80428E-3	1.78996E1
2.80624E-3	1.91333E1
2.80819E-3	1.96833E1
2.81014E-3	2.06344E1
2.8121E-3	2.14642E1
2.81405E-3	2.23547E1
2.816E-3	2.32304E1
2.81796E-3	2.43392E1
2.81991E-3	2.55039E1
2.82186E-3	2.66361E1
2.82382E-3	2.76067E1
2.82577E-3	2.88676E1
2.82772E-3	2.99859E1
2.82968E-3	3.12056E1
2.83163E-3	3.22395E1
2.83358E-3	3.33289E1
2.83554E-3	3.44177E1
2.83749E-3	3.55907E1
2.83944E-3	3.66349E1
2.8414E-3	3.76284E1
2.84335E-3	3.87738E1
2.8453E-3	3.9614E1
2.84725E-3	4.05207E1
2.84921E-3	4.13595E1
2.85116E-3	4.20296E1
2.85311E-3	4.27946E1
2.85507E-3	4.37355E1
2.85702E-3	4.43422E1
2.85897E-3	4.51386E1
2.86093E-3	4.57962E1
2.86288E-3	4.64939E1
2.86483E-3	4.70259E1
2.86678E-3	4.74919E1
2.86874E-3	4.80504E1
2.87069E-3	4.84043E1
2.87264E-3	4.86796E1
2.8746E-3	4.9071E1
2.87655E-3	4.92682E1
2.8785E-3	4.95405E1
2.88046E-3	4.96584E1
2.88241E-3	4.9972E1
2.88436E-3	5.02809E1
2.88632E-3	5.02909E1
2.88827E-3	5.02846E1
2.89022E-3	5.03901E1
2.89218E-3	5.04422E1
2.89413E-3	5.02194E1
2.89608E-3	5.01626E1
2.89803E-3	5.02203E1
2.89999E-3	5.03501E1
2.90194E-3	5.04668E1
2.90389E-3	5.03124E1
2.90585E-3	5.02547E1
2.9078E-3	5.02829E1
2.90975E-3	5.01434E1
2.91171E-3	4.98805E1
2.91366E-3	4.99568E1
2.91561E-3	4.97376E1
2.91757E-3	4.95213E1
2.91952E-3	4.9548E1
2.92147E-3	4.92239E1
2.92343E-3	4.89872E1
2.92538E-3	4.87052E1
2.92733E-3	4.8528E1
2.92928E-3	4.81722E1
2.93124E-3	4.79769E1
2.93319E-3	4.77353E1
2.93514E-3	4.73889E1
2.9371E-3	4.68932E1
2.93905E-3	4.66715E1
2.941E-3	4.61449E1
2.94296E-3	4.56431E1
2.94491E-3	4.53376E1
2.94686E-3	4.48288E1
2.94882E-3	4.4383E1
2.95077E-3	4.4136E1
2.95272E-3	4.37399E1
2.95468E-3	4.33071E1
2.95663E-3	4.31311E1
2.95858E-3	4.26415E1
2.96053E-3	4.2457E1
2.96249E-3	4.21958E1
2.96444E-3	4.184E1
2.96639E-3	4.16696E1
2.96835E-3	4.13473E1
2.9703E-3	4.13008E1
2.97225E-3	4.10224E1
2.97421E-3	4.0693E1
2.97616E-3	4.05923E1
2.97811E-3	4.01315E1
2.98007E-3	3.99158E1
2.98202E-3	3.94443E1
2.98397E-3	3.90211E1
2.98593E-3	3.8723E1
2.98788E-3	3.83629E1
2.98983E-3	3.79091E1
2.99178E-3	3.75484E1
2.99374E-3	3.71271E1
2.99569E-3	3.67355E1
2.99764E-3	3.62737E1
2.9996E-3	3.60363E1
3.00155E-3	3.5645E1
3.0035E-3	3.53148E1
3.00546E-3	3.49282E1
3.00741E-3	3.46421E1
3.00936E-3	3.43457E1
3.01132E-3	3.38595E1
3.01327E-3	3.38124E1
3.01522E-3	3.34425E1
3.01718E-3	3.32322E1
3.01913E-3	3.2708E1
3.02108E-3	3.23519E1
3.02303E-3	3.22215E1
3.02499E-3	3.1803E1
3.02694E-3	3.15529E1
3.02889E-3	3.12445E1
3.03085E-3	3.1057E1
3.0328E-3	3.07413E1
3.03475E-3	3.04965E1
3.03671E-3	3.02914E1
3.03866E-3	2.98403E1
3.04061E-3	2.96982E1
3.04257E-3	2.93963E1
3.04452E-3	2.91218E1
3.04647E-3	2.89216E1
3.04843E-3	2.88362E1
3.05038E-3	2.85092E1
3.05233E-3	2.84064E1
3.05428E-3	2.80291E1
3.05624E-3	2.77167E1
3.05819E-3	2.76264E1
3.06014E-3	2.71252E1
3.0621E-3	2.69654E1
3.06405E-3	2.66608E1
3.066E-3	2.63348E1
3.06796E-3	2.62588E1
3.06991E-3	2.58411E1
3.07186E-3	2.5501E1
3.07382E-3	2.52268E1
3.07577E-3	2.48006E1
3.07772E-3	2.42206E1
3.07968E-3	2.37584E1
3.08163E-3	2.34348E1
3.08358E-3	2.29272E1
3.08553E-3	2.2438E1
3.08749E-3	2.21182E1
3.08944E-3	2.15849E1
3.09139E-3	2.10916E1
3.09335E-3	2.06708E1
3.0953E-3	2.02967E1
3.09725E-3	1.9854E1
3.09921E-3	1.95183E1
3.10116E-3	1.90261E1
3.10311E-3	1.87004E1
3.10507E-3	1.80811E1
3.10702E-3	1.77757E1
3.10897E-3	1.72756E1
3.11093E-3	1.69151E1
3.11288E-3	1.66068E1
3.11483E-3	1.60512E1
3.11678E-3	1.58824E1
3.11874E-3	1.55588E1
3.12069E-3	1.49675E1
3.12264E-3	1.49111E1
3.1246E-3	1.36991E1
3.12655E-3	1.2847E1
3.1285E-3	1.37542E1
3.13046E-3	1.28719E1
3.13241E-3	1.25539E1
3.13436E-3	1.21388E1
3.13632E-3	1.15385E1
3.13827E-3	1.09136E1
3.14022E-3	1.0448E1
3.14218E-3	1.00014E1
3.14413E-3	9.3621E0
3.14608E-3	8.98491E0
3.14803E-3	8.41976E0
3.14999E-3	7.76893E0
3.15194E-3	7.40359E0
3.15389E-3	6.65848E0
3.15585E-3	6.2387E0
3.1578E-3	5.71551E0
3.15975E-3	5.15528E0
3.16171E-3	4.71331E0
3.16366E-3	4.17272E0
3.16561E-3	3.82518E0
3.16757E-3	3.50668E0
3.16952E-3	2.90887E0
3.17147E-3	2.46587E0
3.17343E-3	2.27107E0
3.17538E-3	1.87535E0
3.17733E-3	1.58068E0
3.17928E-3	1.42701E0
3.18124E-3	9.83358E-1
3.18319E-3	8.03869E-1
3.18514E-3	6.09802E-1
3.1871E-3	3.57936E-1
3.18905E-3	2.4586E-1
3.191E-3	1.68589E-1
3.19296E-3	-5.95783E-3
3.19491E-3	-2.69945E-1
3.19686E-3	-1.86428E-1
3.19882E-3	-5.06265E-1
3.20077E-3	-7.09085E-1
3.20272E-3	-6.66171E-1
3.20468E-3	-6.44685E-1
3.20663E-3	-9.96783E-1
3.20858E-3	-1.18983E0
3.21053E-3	-1.08168E0
3.21249E-3	-1.32127E0
3.21444E-3	-1.496E0
3.2164E-3	-1.42354E0
3.21835E-3	-1.45476E0
3.2203E-3	-1.729E0
3.22225E-3	-1.92907E0
3.22421E-3	-1.85594E0
3.22616E-3	-1.85246E0
3.22811E-3	-1.93575E0
3.23007E-3	-2.22597E0
3.23202E-3	-2.24445E0
3.23397E-3	-2.27206E0
3.23593E-3	-2.29843E0
3.23788E-3	-2.31845E0
3.23983E-3	-2.35264E0
3.24178E-3	-2.3628E0
3.24374E-3	-2.41237E0
3.24569E-3	-2.39131E0
3.24764E-3	-2.60015E0
3.2496E-3	-2.90188E0
3.25155E-3	-2.85966E0
3.2535E-3	-2.95971E0
3.25546E-3	-3.27856E0
3.25741E-3	-3.39649E0
3.25936E-3	-3.31452E0
3.26132E-3	-3.69357E0
3.26327E-3	-3.65936E0
3.26522E-3	-3.64957E0
3.26718E-3	-4.15379E0
3.26913E-3	-3.86732E0
3.27108E-3	-3.95606E0
3.27303E-3	-4.0076E0
3.27499E-3	-4.25731E0
3.27694E-3	-4.4534E0
3.27889E-3	-4.46092E0
3.28085E-3	-4.42889E0
3.2828E-3	-4.47452E0
3.28475E-3	-4.47881E0
3.28671E-3	-4.535E0
3.28866E-3	-4.49516E0
3.29061E-3	-4.26867E0
3.29257E-3	-4.20775E0
3.29452E-3	-3.94752E0
3.29647E-3	-3.96465E0
3.29843E-3	-3.61791E0
3.30038E-3	-3.53928E0
3.30233E-3	-3.38881E0
3.30428E-3	-2.94448E0
3.30624E-3	-2.73174E0
3.30819E-3	-2.46897E0
3.31014E-3	-2.10095E0
3.3121E-3	-1.67019E0
3.31405E-3	-1.34096E0
3.316E-3	-8.87449E-1
3.31796E-3	-4.95634E-1
3.31991E-3	-8.84927E-2
3.32186E-3	2.02866E-1
3.32382E-3	7.87129E-1
3.32577E-3	1.14651E0
3.32772E-3	1.58368E0
3.32968E-3	2.10556E0
3.33163E-3	2.32181E0
3.33358E-3	2.8442E0
3.33553E-3	3.28064E0
3.33749E-3	3.57114E0
3.33944E-3	3.91727E0
3.34139E-3	4.28469E0
3.34335E-3	4.6904E0
3.3453E-3	4.86404E0
3.34725E-3	5.17426E0
3.34921E-3	5.30609E0
3.35116E-3	5.54849E0
3.35311E-3	5.91404E0
3.35507E-3	5.94605E0
3.35702E-3	6.21318E0
3.35897E-3	6.49365E0
3.36093E-3	6.54368E0
3.36288E-3	6.65042E0
3.36483E-3	6.97632E0
3.36678E-3	7.10016E0
3.36874E-3	7.48133E0
3.37069E-3	7.64988E0
3.37264E-3	7.71768E0
3.3746E-3	7.98394E0
3.37655E-3	8.16046E0
3.3785E-3	8.57735E0
3.38046E-3	8.73395E0
3.38241E-3	8.92136E0
3.38436E-3	9.14372E0
3.38632E-3	9.38249E0
3.38827E-3	9.67211E0
3.39022E-3	9.74693E0
3.39218E-3	9.8813E0
3.39413E-3	1.02843E1
3.39608E-3	1.03976E1
3.39803E-3	9.84761E0
3.39999E-3	1.06165E1
3.40194E-3	1.08745E1
3.40389E-3	1.10335E1
3.40585E-3	1.10549E1
3.4078E-3	1.12197E1
3.40975E-3	1.11385E1
3.41171E-3	1.11741E1
3.41366E-3	1.15401E1
3.41561E-3	1.14228E1
3.41757E-3	1.13543E1
3.41952E-3	1.13286E1
3.42147E-3	1.13402E1
3.42343E-3	1.1623E1
3.42538E-3	1.15899E1
3.42733E-3	1.15716E1
3.42928E-3	1.15415E1
3.43124E-3	1.15133E1
3.43319E-3	1.14945E1
3.43514E-3	1.14184E1
3.4371E-3	1.10856E1
3.43905E-3	1.10178E1
3.441E-3	1.11334E1
3.44296E-3	1.10099E1
3.44491E-3	1.10047E1
3.44686E-3	1.0798E1
3.44882E-3	1.05123E1
3.45077E-3	1.06017E1
3.45272E-3	1.05331E1
3.45468E-3	1.05981E1
3.45663E-3	1.04559E1
3.45858E-3	1.05429E1
3.46053E-3	1.06146E1
3.46249E-3	1.03614E1
3.46444E-3	1.03283E1
3.46639E-3	1.03987E1
3.46835E-3	1.01367E1
3.4703E-3	1.01126E1
3.47225E-3	1.01872E1
3.47421E-3	1.01079E1
3.47616E-3	9.96258E0
3.47811E-3	9.79756E0
3.48007E-3	9.63449E0
3.48202E-3	9.72149E0
3.48397E-3	9.36002E0
3.48593E-3	7.98383E0
3.48788E-3	9.26029E0
3.48983E-3	9.06506E0
3.49178E-3	8.6853E0
3.49374E-3	8.74418E0
3.49569E-3	8.54426E0
3.49764E-3	8.38058E0
3.4996E-3	8.37621E0
3.50155E-3	7.83896E0
3.5035E-3	8.00139E0
3.50546E-3	8.00838E0
3.50741E-3	7.70209E0
3.50936E-3	7.71362E0
3.51132E-3	7.61185E0
3.51327E-3	7.30136E0
3.51522E-3	7.20403E0
3.51718E-3	7.20845E0
3.51913E-3	7.13059E0
3.52108E-3	6.78386E0
3.52303E-3	6.69786E0
3.52499E-3	6.7245E0
3.52694E-3	6.4341E0
3.52889E-3	6.21606E0
3.53085E-3	6.39592E0
3.5328E-3	6.0239E0
3.53475E-3	5.83933E0
3.53671E-3	5.69834E0
3.53866E-3	5.7047E0
3.54061E-3	5.45714E0
3.54257E-3	5.26837E0
3.54452E-3	5.01148E0
3.54647E-3	4.82108E0
3.54843E-3	4.64523E0
3.55038E-3	4.37091E0
3.55233E-3	4.20709E0
3.55428E-3	3.98353E0
3.55624E-3	3.87919E0
3.55819E-3	3.82294E0
3.56014E-3	3.79212E0
3.5621E-3	3.39589E0
3.56405E-3	3.4332E0
3.566E-3	3.28922E0
3.56796E-3	2.93348E0
3.56991E-3	2.95646E0
3.57186E-3	2.80911E0
3.57382E-3	2.47252E0
3.57577E-3	2.45433E0
3.57772E-3	2.42928E0
3.57968E-3	2.36763E0
3.58163E-3	2.06286E0
3.58358E-3	1.99934E0
3.58553E-3	1.97923E0
3.58749E-3	1.86913E0
3.58944E-3	1.78243E0
3.59139E-3	1.75983E0
3.59335E-3	1.53279E0
3.5953E-3	1.27763E0
3.59725E-3	1.39827E0
3.59921E-3	1.2367E0
3.60116E-3	8.38168E-1
3.60311E-3	8.73139E-1
3.60507E-3	8.92797E-1
3.60702E-3	5.89646E-1
3.60897E-3	3.90466E-1
3.61093E-3	3.78449E-1
3.61288E-3	3.85373E-1
3.61483E-3	1.61722E-1
3.61678E-3	-5.19913E-2
3.61874E-3	1.00004E-1
3.62069E-3	-8.87978E-2
3.62264E-3	-2.83004E-1
3.6246E-3	-5.7988E-1
3.62655E-3	-5.61114E-1
3.6285E-3	-5.91917E-1
3.63046E-3	-4.40169E-1
3.63241E-3	-8.61404E-1
3.63436E-3	-1.00731E0
3.63632E-3	-9.85876E-1
3.63827E-3	-8.33406E-1
3.64022E-3	-9.55089E-1
3.64218E-3	-9.34676E-1
3.64413E-3	-1.22502E0
3.64608E-3	-1.31998E0
3.64803E-3	-1.31714E0
3.64999E-3	-1.44575E0
3.65194E-3	-1.37705E0
3.65389E-3	-1.43273E0
3.65585E-3	-1.52015E0
3.6578E-3	-1.45364E0
3.65975E-3	-1.52521E0
3.66171E-3	-1.59894E0
3.66366E-3	-1.54985E0
3.66561E-3	-1.59027E0
3.66757E-3	-1.61607E0
3.66952E-3	-1.64148E0
3.67147E-3	-1.68116E0
3.67343E-3	-1.68752E0
3.67538E-3	-2.04012E0
3.67733E-3	-2.16723E0
3.67928E-3	-2.17696E0
3.68124E-3	-2.19628E0
3.68319E-3	-2.31184E0
3.68514E-3	-2.68288E0
3.6871E-3	-2.62669E0
3.68905E-3	-2.66399E0
3.691E-3	-3.06471E0
3.69296E-3	-3.16937E0
3.69491E-3	-3.25196E0
3.69686E-3	-3.53347E0
3.69882E-3	-3.69449E0
3.70077E-3	-3.71063E0
3.70272E-3	-3.87935E0
3.70468E-3	-4.32604E0
3.70663E-3	-4.52178E0
3.70858E-3	-4.78406E0
3.71053E-3	-4.93475E0
3.71249E-3	-5.0857E0
3.71444E-3	-5.33637E0
3.71639E-3	-5.71879E0
3.71835E-3	-5.88705E0
3.7203E-3	-6.0419E0
3.72225E-3	-6.40945E0
3.72421E-3	-6.68179E0
3.72616E-3	-6.73756E0
3.72811E-3	-7.02008E0
3.73007E-3	-7.33564E0
3.73202E-3	-7.32749E0
3.73397E-3	-7.58744E0
3.73593E-3	-7.72189E0
3.73788E-3	-8.03356E0
3.73983E-3	-8.17531E0
3.74178E-3	-8.22811E0
3.74374E-3	-8.48986E0
3.74569E-3	-8.7791E0
3.74764E-3	-8.97577E0
3.7496E-3	-9.12121E0
3.75155E-3	-9.19702E0
3.7535E-3	-9.4973E0
3.75546E-3	-9.56335E0
3.75741E-3	-9.77432E0
3.75936E-3	-1.00125E1
3.76132E-3	-1.02717E1
3.76327E-3	-1.0338E1
3.76522E-3	-1.06123E1
3.76718E-3	-1.07556E1
3.76913E-3	-1.0546E1
3.77108E-3	-1.10311E1
3.77303E-3	-1.10086E1
3.77499E-3	-1.10937E1
3.77694E-3	-1.10911E1
3.7789E-3	-1.12904E1
3.78085E-3	-1.15333E1
3.7828E-3	-1.1525E1
3.78475E-3	-1.15751E1
3.78671E-3	-1.15927E1
3.78866E-3	-1.16289E1
3.79061E-3	-1.16551E1
3.79257E-3	-1.16863E1
3.79452E-3	-1.1715E1
3.79647E-3	-1.17453E1
3.79843E-3	-1.17738E1
3.80038E-3	-1.18054E1
3.80233E-3	-1.18319E1
3.80428E-3	-1.18663E1
3.80624E-3	-1.18889E1
3.80819E-3	-1.19296E1
3.81014E-3	-1.19362E1
3.8121E-3	-1.19059E1
3.81405E-3	-1.20281E1
3.816E-3	-1.20755E1
3.81796E-3	-1.23287E1
3.81991E-3	-1.25122E1
3.82186E-3	-1.25145E1
3.82382E-3	-1.25513E1
3.82577E-3	-1.26016E1
3.82772E-3	-1.29822E1
3.82968E-3	-1.30271E1
3.83163E-3	-1.30763E1
3.83358E-3	-1.29783E1
3.83554E-3	-1.32711E1
3.83749E-3	-1.33293E1
3.83944E-3	-1.33049E1
3.84139E-3	-1.33975E1
3.84335E-3	-1.32905E1
3.8453E-3	-1.33994E1
3.84725E-3	-1.32998E1
3.84921E-3	-1.37028E1
3.85116E-3	-1.37653E1
3.85311E-3	-1.38559E1
3.85507E-3	-1.38471E1
3.85702E-3	-1.40221E1
3.85897E-3	-1.39509E1
3.86093E-3	-1.35106E1
3.86288E-3	-1.38017E1
3.86483E-3	-1.37485E1
3.86678E-3	-1.3693E1
3.86874E-3	-1.38589E1
3.87069E-3	-1.37041E1
3.87264E-3	-1.37442E1
3.8746E-3	-1.3521E1
3.87655E-3	-1.36801E1
3.8785E-3	-1.37388E1
3.88046E-3	-1.37554E1
3.88241E-3	-1.35202E1
3.88436E-3	-1.34559E1
3.88632E-3	-1.35376E1
3.88827E-3	-1.34546E1
3.89022E-3	-1.31639E1
3.89218E-3	-1.32254E1
3.89413E-3	-1.32203E1
3.89608E-3	-1.33061E1
3.89803E-3	-1.31416E1
3.89999E-3	-1.29089E1
3.90194E-3	-1.30376E1
3.90389E-3	-1.30997E1
3.90585E-3	-1.30002E1
3.9078E-3	-1.28494E1
3.90975E-3	-1.29342E1
3.91171E-3	-1.28198E1
3.91366E-3	-1.29156E1
3.91561E-3	-1.31008E1
3.91757E-3	-1.29156E1
3.91952E-3	-1.28409E1
3.92147E-3	-1.28783E1
3.92343E-3	-1.28255E1
3.92538E-3	-1.29789E1
3.92733E-3	-1.28836E1
3.92928E-3	-1.26026E1
3.93124E-3	-1.25715E1
3.93319E-3	-1.25348E1
3.93514E-3	-1.26894E1
3.9371E-3	-1.24406E1
3.93905E-3	-1.23432E1
3.941E-3	-1.2432E1
3.94296E-3	-1.23648E1
3.94491E-3	-1.21335E1
3.94686E-3	-1.21278E1
3.94882E-3	-1.22149E1
3.95077E-3	-1.1945E1
3.95272E-3	-1.19858E1
3.95468E-3	-1.19414E1
3.95663E-3	-1.17136E1
3.95858E-3	-1.17201E1
3.96053E-3	-1.16455E1
3.96249E-3	-1.15561E1
3.96444E-3	-1.15901E1
3.96639E-3	-1.12451E1
3.96835E-3	-1.12987E1
3.9703E-3	-1.12004E1
3.97225E-3	-1.09721E1
3.97421E-3	-1.11058E1
3.97616E-3	-1.07722E1
3.97811E-3	-1.08099E1
3.98007E-3	-1.07673E1
3.98202E-3	-1.05622E1
3.98397E-3	-1.0594E1
3.98593E-3	-1.07194E1
3.98788E-3	-1.03149E1
3.98983E-3	-1.03988E1
3.99178E-3	-1.03985E1
3.99374E-3	-1.05312E1
3.99569E-3	-1.04205E1
3.99764E-3	-1.01828E1
3.9996E-3	-1.01926E1
4.00155E-3	-1.02392E1
4.0035E-3	-1.02441E1
4.00546E-3	-1.03235E1
4.00741E-3	-1.01672E1
4.00936E-3	-9.92587E0
4.01132E-3	-1.00174E1
4.01327E-3	-9.99695E0
4.01522E-3	-1.01448E1
4.01718E-3	-1.00767E1
4.01913E-3	-1.02107E1
4.02108E-3	-1.00194E1
4.02303E-3	-9.73929E0
4.02499E-3	-9.96756E0
4.02694E-3	-9.93636E0
4.02889E-3	-9.93401E0
4.03085E-3	-9.94041E0
4.0328E-3	-9.74003E0
4.03475E-3	-9.85555E0
4.03671E-3	-9.87854E0
4.03866E-3	-9.9295E0
4.04061E-3	-9.86632E0
4.04257E-3	-9.74087E0
4.04452E-3	-9.67545E0
4.04647E-3	-9.70902E0
4.04843E-3	-9.64175E0
4.05038E-3	-9.73423E0
4.05233E-3	-9.46574E0
4.05428E-3	-9.51574E0
4.05624E-3	-9.51427E0
4.05819E-3	-9.59283E0
4.06014E-3	-9.4992E0
4.0621E-3	-9.23874E0
4.06405E-3	-9.24231E0
4.066E-3	-9.40346E0
4.06796E-3	-9.18323E0
4.06991E-3	-8.9471E0
4.07186E-3	-9.0889E0
4.07382E-3	-9.06706E0
4.07577E-3	-9.19516E0
4.07772E-3	-8.99945E0
4.07968E-3	-9.02289E0
4.08163E-3	-9.16951E0
4.08358E-3	-9.02725E0
4.08553E-3	-9.22643E0
4.08749E-3	-9.09833E0
4.08944E-3	-9.23455E0
4.09139E-3	-9.12369E0
4.09335E-3	-8.92873E0
4.0953E-3	-8.99276E0
4.09725E-3	-8.93135E0
4.09921E-3	-9.0462E0
4.10116E-3	-9.07714E0
4.10311E-3	-9.10609E0
4.10507E-3	-9.06121E0
4.10702E-3	-9.17417E0
4.10897E-3	-9.13846E0
4.11093E-3	-9.18574E0
4.11288E-3	-8.90815E0
4.11483E-3	-8.89413E0
4.11678E-3	-8.93921E0
4.11874E-3	-8.96887E0
4.12069E-3	-8.99047E0
4.12264E-3	-9.04898E0
4.1246E-3	-8.97918E0
4.12655E-3	-8.68475E0
4.1285E-3	-8.74623E0
4.13046E-3	-8.75017E0
4.13241E-3	-8.81903E0
4.13436E-3	-8.66097E0
4.13632E-3	-8.51454E0
4.13827E-3	-8.54599E0
4.14022E-3	-8.46572E0
4.14218E-3	-8.41074E0
4.14413E-3	-8.33682E0
4.14608E-3	-8.14889E0
4.14803E-3	-8.23573E0
4.14999E-3	-7.9242E0
4.15194E-3	-7.9511E0
4.1539E-3	-7.89026E0
4.15585E-3	-7.59324E0
4.1578E-3	-7.62019E0
4.15975E-3	-7.2967E0
4.16171E-3	-7.35741E0
4.16366E-3	-7.16044E0
4.16561E-3	-7.03976E0
4.16757E-3	-6.95658E0
4.16952E-3	-6.82625E0
4.17147E-3	-6.76654E0
4.17343E-3	-6.73583E0
4.17538E-3	-6.50975E0
4.17733E-3	-6.40367E0
4.17929E-3	-6.41509E0
4.18124E-3	-6.06486E0
4.18319E-3	-6.01E0
4.18515E-3	-5.78235E0
4.1871E-3	-5.81231E0
4.18905E-3	-5.66796E0
4.191E-3	-5.6653E0
4.19296E-3	-5.44738E0
4.19491E-3	-5.50316E0
4.19686E-3	-5.14594E0
4.19882E-3	-5.21709E0
4.20077E-3	-4.95946E0
4.20272E-3	-4.85427E0
4.20468E-3	-4.73414E0
4.20663E-3	-4.49992E0
4.20858E-3	-4.48923E0
4.21054E-3	-4.35791E0
4.21249E-3	-4.27724E0
4.21444E-3	-4.12009E0
4.21639E-3	-3.98077E0
4.21835E-3	-3.94458E0
4.2203E-3	-3.80538E0
4.22225E-3	-3.59909E0
4.22421E-3	-3.42238E0
4.22616E-3	-3.34473E0
4.22811E-3	-3.15188E0
4.23007E-3	-3.01768E0
4.23202E-3	-2.85022E0
4.23397E-3	-2.84304E0
4.23593E-3	-2.75149E0
4.23788E-3	-2.60017E0
4.23983E-3	-2.41808E0
4.24178E-3	-2.26238E0
4.24374E-3	-2.68821E0
4.24569E-3	-2.68815E0
4.24765E-3	-1.92043E0
4.2496E-3	-2.13896E0
4.25155E-3	-2.11444E0
4.2535E-3	-1.98926E0
4.25546E-3	-1.79859E0
4.25741E-3	-1.90744E0
4.25936E-3	-1.99731E0
4.26132E-3	-1.98791E0
4.26327E-3	-1.96842E0
4.26522E-3	-1.91049E0
4.26718E-3	-1.83596E0
4.26913E-3	-1.88084E0
4.27108E-3	-1.94382E0
4.27304E-3	-1.94724E0
4.27499E-3	-2.00139E0
4.27694E-3	-1.8588E0
4.27889E-3	-1.75383E0
4.28085E-3	-1.75306E0
4.2828E-3	-1.88185E0
4.28475E-3	-1.80075E0
4.28671E-3	-1.51796E0
4.28866E-3	-1.56485E0
4.29061E-3	-1.5935E0
4.29257E-3	-1.60399E0
4.29452E-3	-1.28355E0
4.29647E-3	-1.30439E0
4.29843E-3	-1.30985E0
4.30038E-3	-1.40366E0
4.30233E-3	-1.21632E0
4.30428E-3	-1.0701E0
4.30624E-3	-1.18237E0
4.30819E-3	-1.13483E0
4.31015E-3	-1.18741E0
4.3121E-3	-9.72025E-1
4.31405E-3	-9.77876E-1
4.316E-3	-9.64142E-1
4.31796E-3	-1.1409E0
4.31991E-3	-1.02767E0
4.32186E-3	-7.9533E-1
4.32382E-3	-7.75526E-1
4.32577E-3	-9.19037E-1
4.32772E-3	-1.07582E0
4.32968E-3	-9.59644E-1
4.33163E-3	-6.9726E-1
4.33358E-3	-7.33792E-1
4.33554E-3	-7.65467E-1
4.33749E-3	-7.95058E-1
4.33944E-3	-8.31914E-1
4.3414E-3	-8.56394E-1
4.34335E-3	-8.9958E-1
4.3453E-3	-9.149E-1
4.34725E-3	-9.76124E-1
4.34921E-3	-9.10374E-1
4.35116E-3	-6.06448E-1
4.35311E-3	-6.92237E-1
