temps	chemin
-4.02E-7	-2.01908E-2
1.551E-6	4.21963E-2
3.504E-6	1.29334E-2
5.457E-6	8.32526E-2
7.41E-6	1.54999E-1
9.363E-6	1.59298E-1
1.1316E-5	9.19528E-2
1.3269E-5	2.06698E-2
1.5223E-5	9.70467E-2
1.7176E-5	1.68218E-1
1.9129E-5	1.41589E-1
2.1082E-5	1.07653E-1
2.3035E-5	1.18168E-1
2.4988E-5	-3.68943E-2
2.6941E-5	2.40345E-1
2.8894E-5	1.53779E-1
3.0848E-5	2.15923E-1
3.2801E-5	2.57907E-1
3.4754E-5	2.34807E-1
3.6707E-5	2.80115E-1
3.866E-5	2.26964E-1
4.0613E-5	2.33021E-1
4.2566E-5	1.91195E-1
4.4519E-5	9.17879E-2
4.6472E-5	1.90877E-1
4.8426E-5	1.58037E-1
5.0379E-5	1.48801E-1
5.2332E-5	9.02441E-2
5.4285E-5	2.22443E-1
5.6238E-5	2.88838E-1
5.8191E-5	4.2981E-1
6.0144E-5	7.39736E-1
6.2097E-5	6.03579E-1
6.4051E-5	5.04059E-1
6.6004E-5	5.62783E-1
6.7957E-5	5.86749E-1
6.991E-5	6.32681E-1
7.1863E-5	6.63073E-1
7.3816E-5	5.05258E-1
7.577E-5	6.67412E-1
7.7723E-5	6.81077E-1
7.9676E-5	5.47092E-1
8.1629E-5	5.77769E-1
8.3582E-5	5.83221E-1
8.5535E-5	4.4991E-1
8.7488E-5	7.0879E-1
8.9441E-5	8.69131E-1
9.1394E-5	6.8286E-1
9.3348E-5	5.76135E-1
9.5301E-5	6.07699E-1
9.7254E-5	5.95286E-1
9.9207E-5	5.98458E-1
1.0116E-4	5.93087E-1
1.03113E-4	4.80169E-1
1.05066E-4	3.45976E-1
1.07019E-4	5.17088E-1
1.08973E-4	4.60227E-1
1.10926E-4	4.64035E-1
1.12879E-4	4.03878E-1
1.14832E-4	4.47256E-1
1.16785E-4	3.83318E-1
1.18738E-4	3.50871E-1
1.20691E-4	3.93762E-1
1.22644E-4	4.5972E-1
1.24598E-4	5.24686E-1
1.26551E-4	4.34133E-1
1.28504E-4	4.75561E-1
1.30457E-4	5.19098E-1
1.3241E-4	5.19426E-1
1.34363E-4	5.16083E-1
1.36316E-4	5.4607E-1
1.38269E-4	5.47119E-1
1.40223E-4	3.55455E-1
1.42176E-4	5.37134E-1
1.44129E-4	4.47423E-1
1.46082E-4	5.28651E-1
1.48035E-4	5.31509E-1
1.49988E-4	4.20975E-1
1.51941E-4	4.01539E-1
1.53894E-4	4.96629E-1
1.55848E-4	5.70652E-1
1.57801E-4	5.68719E-1
1.59754E-4	5.53064E-1
1.61707E-4	6.06008E-1
1.6366E-4	5.13011E-1
1.65613E-4	6.42058E-1
1.67566E-4	6.6279E-1
1.69519E-4	5.73255E-1
1.71472E-4	3.78962E-1
1.73426E-4	2.60415E-1
1.75379E-4	2.9986E-1
1.77332E-4	2.7819E-1
1.79285E-4	3.12068E-1
1.81238E-4	2.59422E-1
1.83191E-4	2.45812E-1
1.85145E-4	3.25268E-1
1.87097E-4	3.03564E-1
1.89051E-4	3.24295E-1
1.91004E-4	3.16473E-1
1.92957E-4	2.52466E-1
1.9491E-4	3.26313E-1
1.96863E-4	2.60123E-1
1.98816E-4	3.35125E-1
2.0077E-4	3.46313E-1
2.02723E-4	3.43402E-1
2.04676E-4	3.54554E-1
2.06629E-4	3.51101E-1
2.08582E-4	3.63584E-1
2.10535E-4	3.53669E-1
2.12488E-4	2.2356E-1
2.14441E-4	3.61855E-1
2.16394E-4	3.78323E-1
2.18348E-4	3.75777E-1
2.20301E-4	3.83474E-1
2.22254E-4	3.85578E-1
2.24207E-4	3.87363E-1
2.2616E-4	4.00639E-1
2.28113E-4	3.28299E-1
2.30066E-4	3.76567E-1
2.32019E-4	4.19653E-1
2.33973E-4	3.75132E-1
2.35926E-4	5.0263E-2
2.37879E-4	1.39909E-2
2.39832E-4	3.23542E-2
2.41785E-4	2.64111E-2
2.43738E-4	3.59654E-2
2.45691E-4	3.50371E-2
2.47644E-4	4.09562E-2
2.49598E-4	4.25358E-2
2.51551E-4	4.65548E-2
2.53504E-4	4.92561E-2
2.55457E-4	5.24669E-2
2.5741E-4	5.5504E-2
2.59363E-4	5.85035E-2
2.61316E-4	6.14653E-2
2.63269E-4	6.43895E-2
2.65222E-4	6.7276E-2
2.67176E-4	7.01248E-2
2.69129E-4	7.2936E-2
2.71082E-4	7.57094E-2
2.73035E-4	7.85732E-2
2.74988E-4	8.08202E-2
2.76941E-4	8.46405E-2
2.78894E-4	8.47861E-2
2.80848E-4	9.20749E-2
2.82801E-4	8.6287E-2
2.84754E-4	1.03061E-1
2.86707E-4	8.08658E-2
2.8866E-4	1.31007E-1
2.90613E-4	-5.39955E-2
2.92567E-4	-2.44633E-1
2.94519E-4	-2.11489E-1
2.96472E-4	-2.14772E-1
2.98425E-4	-2.43018E-1
3.00379E-4	-2.90422E-1
3.02332E-4	-2.6945E-1
3.04285E-4	-2.76497E-1
3.06238E-4	-2.70913E-1
3.08191E-4	-2.67497E-1
3.10144E-4	-2.74457E-1
3.12098E-4	-1.98806E-1
3.14051E-4	-2.35722E-1
3.16004E-4	-2.86416E-1
3.17957E-4	-1.9519E-1
3.1991E-4	-2.22722E-1
3.21863E-4	-2.67039E-1
3.23816E-4	-2.49534E-1
3.2577E-4	-2.42745E-1
3.27723E-4	-6.17221E-2
3.29676E-4	-1.90614E-1
3.31629E-4	-1.32069E-1
3.33582E-4	-2.54989E-1
3.35535E-4	-4.67134E-1
3.37488E-4	-3.41506E-1
3.39441E-4	-5.1504E-1
3.41394E-4	-5.88605E-1
3.43347E-4	-3.62413E-1
3.45301E-4	-4.99232E-1
3.47254E-4	-5.72313E-1
3.49207E-4	-4.72735E-1
3.5116E-4	-4.77267E-1
3.53113E-4	-3.86928E-1
3.55066E-4	-5.51797E-1
3.5702E-4	-6.30334E-1
3.58973E-4	-3.1635E-1
3.60926E-4	-5.00754E-1
3.62879E-4	-5.76324E-1
3.64832E-4	-5.3058E-1
3.66785E-4	-6.26783E-1
3.68738E-4	-6.0111E-1
3.70691E-4	-6.39471E-1
3.72644E-4	-7.55536E-1
3.74597E-4	-6.95401E-1
3.76551E-4	-7.47214E-1
3.78504E-4	-6.94093E-1
3.80457E-4	-6.15803E-1
3.8241E-4	-6.82821E-1
3.84363E-4	-7.27221E-1
3.86316E-4	-7.31374E-1
3.88269E-4	-7.0774E-1
3.90223E-4	-7.83867E-1
3.92176E-4	-6.7324E-1
3.94129E-4	-7.50348E-1
3.96082E-4	-8.12394E-1
3.98035E-4	-1.08195E0
3.99988E-4	-1.01216E0
4.01942E-4	-9.88971E-1
4.03894E-4	-1.00244E0
4.05847E-4	-1.06931E0
4.07801E-4	-1.00137E0
4.09754E-4	-9.90239E-1
4.11707E-4	-1.00437E0
4.1366E-4	-9.81544E-1
4.15613E-4	-1.07323E0
4.17566E-4	-1.00813E0
4.19519E-4	-9.98848E-1
4.21473E-4	-9.81231E-1
4.23426E-4	-1.07444E0
4.25379E-4	-1.40994E0
4.27332E-4	-1.36445E0
4.29285E-4	-1.45073E0
4.31238E-4	-1.42594E0
4.33191E-4	-1.37558E0
4.35145E-4	-1.39716E0
4.37098E-4	-1.38434E0
4.39051E-4	-1.39481E0
4.41004E-4	-1.38614E0
4.42957E-4	-1.39758E0
4.4491E-4	-1.38277E0
4.46863E-4	-1.40798E0
4.48816E-4	-1.36428E0
4.50769E-4	-1.57141E0
4.52723E-4	-1.74121E0
4.54676E-4	-1.73877E0
4.56629E-4	-1.80571E0
4.58582E-4	-1.7783E0
4.60535E-4	-1.79371E0
4.62488E-4	-1.78911E0
4.64441E-4	-1.78818E0
4.66395E-4	-1.79885E0
4.68348E-4	-1.78072E0
4.70301E-4	-1.81579E0
4.72254E-4	-1.74454E0
4.74207E-4	-1.75671E0
4.7616E-4	-2.04654E0
4.78113E-4	-2.09727E0
4.80066E-4	-2.15316E0
4.82019E-4	-1.94182E0
4.83972E-4	-2.08527E0
4.85926E-4	-2.11911E0
4.87879E-4	-2.13277E0
4.89832E-4	-2.06853E0
4.91785E-4	-2.06567E0
4.93738E-4	-2.1314E0
4.95691E-4	-2.10565E0
4.97645E-4	-2.16748E0
4.99598E-4	-2.14433E0
5.01551E-4	-2.09916E0
5.03504E-4	-2.10329E0
5.05457E-4	-2.04132E0
5.0741E-4	-2.33268E0
5.09363E-4	-2.35227E0
5.11316E-4	-2.35602E0
5.13269E-4	-2.45942E0
5.15222E-4	-2.23263E0
5.17176E-4	-2.30051E0
5.19129E-4	-2.32386E0
5.21082E-4	-2.32028E0
5.23035E-4	-2.3881E0
5.24988E-4	-2.29318E0
5.26941E-4	-2.2247E0
5.28894E-4	-2.35528E0
5.30848E-4	-2.57496E0
5.32801E-4	-2.27876E0
5.34754E-4	-2.3351E0
5.36707E-4	-2.33153E0
5.3866E-4	-2.44926E0
5.40613E-4	-2.40918E0
5.42567E-4	-2.45331E0
5.4452E-4	-2.43173E0
5.46473E-4	-2.5142E0
5.48426E-4	-2.35454E0
5.50379E-4	-2.49278E0
5.52332E-4	-2.33278E0
5.54285E-4	-2.27579E0
5.56238E-4	-2.65183E0
5.58191E-4	-2.65152E0
5.60144E-4	-2.8336E0
5.62098E-4	-2.76674E0
5.64051E-4	-2.72909E0
5.66004E-4	-2.69191E0
5.67957E-4	-2.67025E0
5.6991E-4	-2.69157E0
5.71863E-4	-2.68026E0
5.73816E-4	-2.6958E0
5.7577E-4	-2.76512E0
5.77723E-4	-2.70703E0
5.79676E-4	-2.81796E0
5.81629E-4	-2.80358E0
5.83582E-4	-2.71864E0
5.85535E-4	-2.69988E0
5.87488E-4	-2.80684E0
5.89441E-4	-2.68674E0
5.91394E-4	-2.84097E0
5.93347E-4	-2.78333E0
5.95301E-4	-2.74978E0
5.97254E-4	-2.78985E0
5.99207E-4	-2.73803E0
6.0116E-4	-2.80724E0
6.03113E-4	-2.78308E0
6.05066E-4	-2.79305E0
6.0702E-4	-2.73316E0
6.08973E-4	-2.75956E0
6.10926E-4	-2.75919E0
6.12879E-4	-2.74953E0
6.14832E-4	-2.8431E0
6.16785E-4	-2.77534E0
6.18738E-4	-2.80419E0
6.20691E-4	-2.84076E0
6.22644E-4	-2.7639E0
6.24597E-4	-2.7941E0
6.26551E-4	-2.78715E0
6.28504E-4	-2.79321E0
6.30457E-4	-2.80402E0
6.3241E-4	-2.79092E0
6.34363E-4	-2.84435E0
6.36316E-4	-2.8741E0
6.38269E-4	-2.79189E0
6.40223E-4	-2.89713E0
6.42176E-4	-2.84534E0
6.44129E-4	-2.81473E0
6.46082E-4	-2.85333E0
6.48035E-4	-2.80807E0
6.49988E-4	-2.96155E0
6.51942E-4	-2.99694E0
6.53895E-4	-2.8373E0
6.55848E-4	-2.93828E0
6.578E-4	-2.88502E0
6.59754E-4	-3.23354E0
6.61707E-4	-3.26991E0
6.6366E-4	-3.26388E0
6.65613E-4	-3.2766E0
6.67566E-4	-3.27567E0
6.69519E-4	-3.28516E0
6.71473E-4	-3.28724E0
6.73426E-4	-3.29425E0
6.75379E-4	-3.29845E0
6.77332E-4	-3.30411E0
6.79285E-4	-3.30924E0
6.81238E-4	-3.31455E0
6.83191E-4	-3.31989E0
6.85145E-4	-3.32527E0
6.87098E-4	-3.33069E0
6.89051E-4	-3.33616E0
6.91004E-4	-3.34166E0
6.92957E-4	-3.34719E0
6.9491E-4	-3.35277E0
6.96863E-4	-3.35822E0
6.98816E-4	-3.36447E0
7.00769E-4	-3.3688E0
7.02722E-4	-3.37718E0
7.04676E-4	-3.37832E0
7.06629E-4	-3.3917E0
7.08582E-4	-3.38563E0
7.10535E-4	-3.41053E0
7.12488E-4	-3.38247E0
7.14441E-4	-3.49532E0
7.16395E-4	-3.82064E0
7.18348E-4	-3.80587E0
7.20301E-4	-3.82345E0
7.22254E-4	-3.82405E0
7.24207E-4	-3.75306E0
7.2616E-4	-3.84094E0
7.28113E-4	-3.83781E0
7.30066E-4	-3.86349E0
7.32019E-4	-3.81815E0
7.33972E-4	-3.80425E0
7.35926E-4	-3.88529E0
7.37879E-4	-3.868E0
7.39832E-4	-3.88708E0
7.41785E-4	-3.88586E0
7.43738E-4	-3.89826E0
7.45691E-4	-3.89851E0
7.47644E-4	-3.91467E0
7.49598E-4	-3.9049E0
7.51551E-4	-4.22368E0
7.53504E-4	-4.27079E0
7.55457E-4	-4.2246E0
7.5741E-4	-4.36143E0
7.59363E-4	-4.28381E0
7.61317E-4	-4.31507E0
7.6327E-4	-4.18197E0
7.65222E-4	-4.21809E0
7.67175E-4	-4.33254E0
7.69129E-4	-4.20919E0
7.71082E-4	-4.35795E0
7.73035E-4	-4.24491E0
7.74988E-4	-4.36746E0
7.76941E-4	-4.30601E0
7.78894E-4	-4.11701E0
7.80848E-4	-4.4639E0
7.82801E-4	-4.55944E0
7.84754E-4	-4.47769E0
7.86707E-4	-4.47972E0
7.8866E-4	-4.72657E0
7.90613E-4	-4.57757E0
7.92566E-4	-4.49119E0
7.9452E-4	-4.53242E0
7.96473E-4	-4.51402E0
7.98426E-4	-4.54977E0
8.00379E-4	-4.51737E0
8.02332E-4	-4.61128E0
8.04285E-4	-4.65774E0
8.06238E-4	-4.6511E0
8.08191E-4	-4.59444E0
8.10144E-4	-4.625E0
8.12097E-4	-4.56582E0
8.14051E-4	-4.81054E0
8.16004E-4	-5.04109E0
8.17957E-4	-4.92454E0
8.1991E-4	-4.97357E0
8.21863E-4	-4.97349E0
8.23816E-4	-4.9611E0
8.2577E-4	-5.04525E0
8.27723E-4	-5.12246E0
8.29676E-4	-4.98511E0
8.31629E-4	-5.0878E0
8.33582E-4	-5.14671E0
8.35535E-4	-5.12928E0
8.37488E-4	-5.09703E0
8.39441E-4	-5.08734E0
8.41394E-4	-5.03722E0
8.43347E-4	-5.07424E0
8.45301E-4	-5.13672E0
8.47254E-4	-5.1493E0
8.49207E-4	-5.11577E0
8.5116E-4	-5.06892E0
8.53113E-4	-5.27231E0
8.55066E-4	-5.51601E0
8.57019E-4	-5.50874E0
8.58973E-4	-5.52538E0
8.60926E-4	-5.53133E0
8.62879E-4	-5.61855E0
8.64832E-4	-5.55081E0
8.66785E-4	-5.55763E0
8.68738E-4	-5.56905E0
8.70692E-4	-5.57595E0
8.72645E-4	-5.58689E0
8.74597E-4	-5.59471E0
8.76551E-4	-5.60479E0
8.78504E-4	-5.61349E0
8.80457E-4	-5.62301E0
8.8241E-4	-5.63239E0
8.84363E-4	-5.64129E0
8.86316E-4	-5.6518E0
8.88269E-4	-5.65904E0
8.90223E-4	-5.67249E0
8.92176E-4	-5.67518E0
8.94129E-4	-5.69646E0
8.96082E-4	-5.68379E0
8.98035E-4	-5.76561E0
8.99988E-4	-5.75887E0
9.01941E-4	-5.71123E0
9.03895E-4	-5.74871E0
9.05848E-4	-5.73614E0
9.07801E-4	-5.77598E0
9.09754E-4	-5.8412E0
9.11707E-4	-5.75988E0
9.1366E-4	-5.81783E0
9.15613E-4	-6.1582E0
9.17566E-4	-6.20585E0
9.19519E-4	-6.20257E0
9.21473E-4	-6.22075E0
9.23426E-4	-6.22543E0
9.25379E-4	-6.23933E0
9.27332E-4	-6.24709E0
9.29285E-4	-6.25892E0
9.31238E-4	-6.26794E0
9.33191E-4	-6.2799E0
9.35145E-4	-6.28743E0
9.37098E-4	-6.30306E0
9.39051E-4	-6.30437E0
9.41004E-4	-6.32988E0
9.42957E-4	-6.31644E0
9.4491E-4	-6.36661E0
9.46863E-4	-6.29278E0
9.48816E-4	-6.38466E0
9.50769E-4	-6.80162E0
9.52722E-4	-6.74377E0
9.54676E-4	-6.82622E0
9.56629E-4	-6.65162E0
9.58582E-4	-6.77023E0
9.60535E-4	-6.77089E0
9.62488E-4	-6.69039E0
9.64441E-4	-6.89922E0
9.66395E-4	-6.7823E0
9.68348E-4	-7.14285E0
9.70301E-4	-7.181E0
9.72254E-4	-7.10423E0
9.74207E-4	-7.11935E0
9.7616E-4	-7.24972E0
9.78113E-4	-7.17255E0
9.80067E-4	-7.09914E0
9.82019E-4	-7.52705E0
9.83972E-4	-7.41305E0
9.85926E-4	-7.39301E0
9.87879E-4	-7.47592E0
9.89832E-4	-7.37161E0
9.91785E-4	-7.53556E0
9.93738E-4	-7.83034E0
9.95691E-4	-7.77563E0
9.97644E-4	-7.83971E0
9.99598E-4	-7.78576E0
1.00155E-3	-8.07676E0
1.0035E-3	-8.26636E0
1.00546E-3	-8.24166E0
1.00741E-3	-8.25754E0
1.00936E-3	-8.18818E0
1.01132E-3	-8.59953E0
1.01327E-3	-8.71947E0
1.01522E-3	-8.59819E0
1.01718E-3	-8.61452E0
1.01913E-3	-8.947E0
1.02108E-3	-8.93811E0
1.02303E-3	-8.849E0
1.02499E-3	-9.11812E0
1.02694E-3	-9.22493E0
1.02889E-3	-9.20136E0
1.03085E-3	-9.54313E0
1.0328E-3	-9.6524E0
1.03475E-3	-9.55925E0
1.03671E-3	-9.7322E0
1.03866E-3	-9.99998E0
1.04061E-3	-1.00406E1
1.04257E-3	-1.0303E1
1.04452E-3	-1.04228E1
1.04647E-3	-1.04424E1
1.04843E-3	-1.06562E1
1.05038E-3	-1.07752E1
1.05233E-3	-1.09294E1
1.05428E-3	-1.09811E1
1.05624E-3	-1.11831E1
1.05819E-3	-1.13345E1
1.06014E-3	-1.15399E1
1.0621E-3	-1.174E1
1.06405E-3	-1.18415E1
1.066E-3	-1.21222E1
1.06796E-3	-1.23402E1
1.06991E-3	-1.25037E1
1.07186E-3	-1.24842E1
1.07382E-3	-1.2819E1
1.07577E-3	-1.28883E1
1.07772E-3	-1.32964E1
1.07968E-3	-1.33826E1
1.08163E-3	-1.36086E1
1.08358E-3	-1.37753E1
1.08553E-3	-1.39473E1
1.08749E-3	-1.43001E1
1.08944E-3	-1.44734E1
1.09139E-3	-1.46735E1
1.09335E-3	-1.49741E1
1.0953E-3	-1.5111E1
1.09725E-3	-1.53655E1
1.09921E-3	-1.56692E1
1.10116E-3	-1.60039E1
1.10311E-3	-1.632E1
1.10507E-3	-1.63317E1
1.10702E-3	-1.67434E1
1.10897E-3	-1.70867E1
1.11093E-3	-1.72941E1
1.11288E-3	-1.76148E1
1.11483E-3	-1.77948E1
1.11678E-3	-1.81783E1
1.11874E-3	-1.83464E1
1.12069E-3	-1.87911E1
1.12264E-3	-1.91857E1
1.1246E-3	-1.93414E1
1.12655E-3	-1.98343E1
1.1285E-3	-2.01773E1
1.13046E-3	-2.04218E1
1.13241E-3	-2.07511E1
1.13436E-3	-2.12077E1
1.13632E-3	-2.13571E1
1.13827E-3	-2.18195E1
1.14022E-3	-2.22661E1
1.14218E-3	-2.25758E1
1.14413E-3	-2.30058E1
1.14608E-3	-2.33764E1
1.14803E-3	-2.39186E1
1.14999E-3	-2.42934E1
1.15194E-3	-2.46553E1
1.1539E-3	-2.51897E1
1.15585E-3	-2.55086E1
1.1578E-3	-2.5958E1
1.15975E-3	-2.65697E1
1.16171E-3	-2.69143E1
1.16366E-3	-2.74749E1
1.16561E-3	-2.78922E1
1.16757E-3	-2.83234E1
1.16952E-3	-2.89285E1
1.17147E-3	-2.94474E1
1.17343E-3	-2.99296E1
1.17538E-3	-3.05155E1
1.17733E-3	-3.10288E1
1.17928E-3	-3.16243E1
1.18124E-3	-3.21062E1
1.18319E-3	-3.27187E1
1.18514E-3	-3.32063E1
1.1871E-3	-3.39377E1
1.18905E-3	-3.43908E1
1.191E-3	-3.48595E1
1.19296E-3	-3.56477E1
1.19491E-3	-3.6121E1
1.19686E-3	-3.68123E1
1.19882E-3	-3.74668E1
1.20077E-3	-3.81438E1
1.20272E-3	-3.87028E1
1.20468E-3	-3.94152E1
1.20663E-3	-4.00341E1
1.20858E-3	-4.07202E1
1.21053E-3	-4.13702E1
1.21249E-3	-4.21139E1
1.21444E-3	-4.27308E1
1.21639E-3	-4.34664E1
1.21835E-3	-4.41548E1
1.2203E-3	-4.48862E1
1.22225E-3	-4.55235E1
1.22421E-3	-4.63262E1
1.22616E-3	-4.70509E1
1.22811E-3	-4.77707E1
1.23007E-3	-4.85854E1
1.23202E-3	-4.93793E1
1.23397E-3	-5.0032E1
1.23593E-3	-5.08492E1
1.23788E-3	-5.16801E1
1.23983E-3	-5.23119E1
1.24178E-3	-5.32501E1
1.24374E-3	-5.4099E1
1.24569E-3	-5.4898E1
1.24764E-3	-5.56588E1
1.2496E-3	-5.65786E1
1.25155E-3	-5.73759E1
1.2535E-3	-5.83331E1
1.25546E-3	-5.92384E1
1.25741E-3	-6.00042E1
1.25936E-3	-6.0735E1
1.26132E-3	-6.17921E1
1.26327E-3	-6.26416E1
1.26522E-3	-6.35724E1
1.26718E-3	-6.45392E1
1.26913E-3	-6.55013E1
1.27108E-3	-6.64016E1
1.27303E-3	-6.7347E1
1.27499E-3	-6.83436E1
1.27694E-3	-6.93677E1
1.27889E-3	-7.03904E1
1.28085E-3	-7.13875E1
1.2828E-3	-7.25188E1
1.28475E-3	-7.36051E1
1.28671E-3	-7.48906E1
1.28866E-3	-7.59039E1
1.29061E-3	-7.71628E1
1.29257E-3	-7.83831E1
1.29452E-3	-7.97232E1
1.29647E-3	-8.08102E1
1.29843E-3	-8.20797E1
1.30038E-3	-8.35338E1
1.30233E-3	-8.479E1
1.30428E-3	-8.59622E1
1.30624E-3	-8.7299E1
1.30819E-3	-8.87239E1
1.31014E-3	-9.00518E1
1.3121E-3	-9.13614E1
1.31405E-3	-9.28246E1
1.316E-3	-9.4274E1
1.31796E-3	-9.57052E1
1.31991E-3	-9.70848E1
1.32186E-3	-9.86237E1
1.32382E-3	-9.9976E1
1.32577E-3	-1.01497E2
1.32772E-3	-1.02883E2
1.32968E-3	-1.04448E2
1.33163E-3	-1.06042E2
1.33358E-3	-1.0749E2
1.33553E-3	-1.09068E2
1.33749E-3	-1.10718E2
1.33944E-3	-1.12209E2
1.34139E-3	-1.13975E2
1.34335E-3	-1.15645E2
1.3453E-3	-1.17238E2
1.34725E-3	-1.18922E2
1.34921E-3	-1.20687E2
1.35116E-3	-1.22442E2
1.35311E-3	-1.24175E2
1.35507E-3	-1.25999E2
1.35702E-3	-1.27766E2
1.35897E-3	-1.29559E2
1.36093E-3	-1.31349E2
1.36288E-3	-1.33304E2
1.36483E-3	-1.35124E2
1.36678E-3	-1.36967E2
1.36874E-3	-1.38843E2
1.37069E-3	-1.40792E2
1.37264E-3	-1.42556E2
1.3746E-3	-1.44334E2
1.37655E-3	-1.46524E2
1.3785E-3	-1.48903E2
1.38046E-3	-1.50237E2
1.38241E-3	-1.52252E2
1.38436E-3	-1.53932E2
1.38632E-3	-1.55801E2
1.38827E-3	-1.57798E2
1.39022E-3	-1.59656E2
1.39218E-3	-1.61343E2
1.39413E-3	-1.63207E2
1.39608E-3	-1.65001E2
1.39803E-3	-1.66854E2
1.39999E-3	-1.68546E2
1.40194E-3	-1.70344E2
1.40389E-3	-1.72061E2
1.40585E-3	-1.73673E2
1.4078E-3	-1.754E2
1.40975E-3	-1.7705E2
1.41171E-3	-1.78807E2
1.41366E-3	-1.80443E2
1.41561E-3	-1.82248E2
1.41757E-3	-1.83978E2
1.41952E-3	-1.85656E2
1.42147E-3	-1.87356E2
1.42343E-3	-1.89052E2
1.42538E-3	-1.90734E2
1.42733E-3	-1.92436E2
1.42928E-3	-1.94097E2
1.43124E-3	-1.9577E2
1.43319E-3	-1.97358E2
1.43514E-3	-1.98802E2
1.4371E-3	-2.00431E2
1.43905E-3	-2.02101E2
1.441E-3	-2.035E2
1.44296E-3	-2.04935E2
1.44491E-3	-2.06673E2
1.44686E-3	-2.08074E2
1.44882E-3	-2.09595E2
1.45077E-3	-2.11212E2
1.45272E-3	-2.1272E2
1.45468E-3	-2.14316E2
1.45663E-3	-2.15925E2
1.45858E-3	-2.17571E2
1.46053E-3	-2.19149E2
1.46249E-3	-2.20815E2
1.46444E-3	-2.22512E2
1.46639E-3	-2.23923E2
1.46835E-3	-2.25551E2
1.4703E-3	-2.2725E2
1.47225E-3	-2.28977E2
1.47421E-3	-2.30633E2
1.47616E-3	-2.32186E2
1.47811E-3	-2.33884E2
1.48007E-3	-2.35517E2
1.48202E-3	-2.37191E2
1.48397E-3	-2.38898E2
1.48593E-3	-2.40311E2
1.48788E-3	-2.41748E2
1.48983E-3	-2.43077E2
1.49178E-3	-2.44548E2
1.49374E-3	-2.46021E2
1.49569E-3	-2.47303E2
1.49764E-3	-2.48757E2
1.4996E-3	-2.50079E2
1.50155E-3	-2.51434E2
1.5035E-3	-2.52776E2
1.50546E-3	-2.54328E2
1.50741E-3	-2.55741E2
1.50936E-3	-2.57082E2
1.51132E-3	-2.58612E2
1.51327E-3	-2.60206E2
1.51522E-3	-2.61623E2
1.51718E-3	-2.63171E2
1.51913E-3	-2.6467E2
1.52108E-3	-2.66176E2
1.52303E-3	-2.67912E2
1.52499E-3	-2.69601E2
1.52694E-3	-2.71248E2
1.52889E-3	-2.72927E2
1.53085E-3	-2.74684E2
1.5328E-3	-2.76199E2
1.53475E-3	-2.77986E2
1.53671E-3	-2.79623E2
1.53866E-3	-2.81297E2
1.54061E-3	-2.83002E2
1.54257E-3	-2.84647E2
1.54452E-3	-2.86004E2
1.54647E-3	-2.87414E2
1.54843E-3	-2.88612E2
1.55038E-3	-2.89854E2
1.55233E-3	-2.90787E2
1.55428E-3	-2.91759E2
1.55624E-3	-2.92897E2
1.55819E-3	-2.93743E2
1.56014E-3	-2.94835E2
1.5621E-3	-2.95607E2
1.56405E-3	-2.96312E2
1.566E-3	-2.96957E2
1.56796E-3	-2.97728E2
1.56991E-3	-2.98274E2
1.57186E-3	-2.98874E2
1.57382E-3	-2.99553E2
1.57577E-3	-3.00154E2
1.57772E-3	-3.00892E2
1.57968E-3	-3.01592E2
1.58163E-3	-3.02281E2
1.58358E-3	-3.02923E2
1.58553E-3	-3.0374E2
1.58749E-3	-3.04554E2
1.58944E-3	-3.05124E2
1.59139E-3	-3.05703E2
1.59335E-3	-3.06216E2
1.5953E-3	-3.06808E2
1.59725E-3	-3.07285E2
1.59921E-3	-3.07711E2
1.60116E-3	-3.0822E2
1.60311E-3	-3.08488E2
1.60507E-3	-3.0892E2
1.60702E-3	-3.08976E2
1.60897E-3	-3.09114E2
1.61093E-3	-3.09307E2
1.61288E-3	-3.09419E2
1.61483E-3	-3.09309E2
1.61678E-3	-3.09198E2
1.61874E-3	-3.09402E2
1.62069E-3	-3.09475E2
1.62264E-3	-3.0925E2
1.6246E-3	-3.09472E2
1.62655E-3	-3.09482E2
1.6285E-3	-3.09333E2
1.63046E-3	-3.09301E2
1.63241E-3	-3.09146E2
1.63436E-3	-3.08884E2
1.63632E-3	-3.08672E2
1.63827E-3	-3.08599E2
1.64022E-3	-3.08296E2
1.64218E-3	-3.08103E2
1.64413E-3	-3.08132E2
1.64608E-3	-3.07834E2
1.64803E-3	-3.076E2
1.64999E-3	-3.07417E2
1.65194E-3	-3.06826E2
1.65389E-3	-3.0648E2
1.65585E-3	-3.0609E2
1.6578E-3	-3.05465E2
1.65975E-3	-3.05085E2
1.66171E-3	-3.04301E2
1.66366E-3	-3.03551E2
1.66561E-3	-3.0296E2
1.66757E-3	-3.02461E2
1.66952E-3	-3.01753E2
1.67147E-3	-3.01065E2
1.67343E-3	-3.00423E2
1.67538E-3	-2.99683E2
1.67733E-3	-2.99044E2
1.67928E-3	-2.984E2
1.68124E-3	-2.97879E2
1.68319E-3	-2.97156E2
1.68514E-3	-2.96458E2
1.6871E-3	-2.95815E2
1.68905E-3	-2.9499E2
1.691E-3	-2.94407E2
1.69296E-3	-2.93808E2
1.69491E-3	-2.93144E2
1.69686E-3	-2.92956E2
1.69882E-3	-2.92413E2
1.70077E-3	-2.92171E2
1.70272E-3	-2.91892E2
1.70468E-3	-2.91746E2
1.70663E-3	-2.91417E2
1.70858E-3	-2.91018E2
1.71053E-3	-2.90703E2
1.71249E-3	-2.9041E2
1.71444E-3	-2.89958E2
1.71639E-3	-2.89521E2
1.71835E-3	-2.89176E2
1.7203E-3	-2.88873E2
1.72225E-3	-2.88567E2
1.72421E-3	-2.88254E2
1.72616E-3	-2.87758E2
1.72811E-3	-2.87343E2
1.73007E-3	-2.86859E2
1.73202E-3	-2.86431E2
1.73397E-3	-2.86001E2
1.73593E-3	-2.8533E2
1.73788E-3	-2.8479E2
1.73983E-3	-2.84165E2
1.74178E-3	-2.83608E2
1.74374E-3	-2.83205E2
1.74569E-3	-2.82616E2
1.74764E-3	-2.82088E2
1.7496E-3	-2.81648E2
1.75155E-3	-2.81288E2
1.7535E-3	-2.8075E2
1.75546E-3	-2.8035E2
1.75741E-3	-2.79893E2
1.75936E-3	-2.79308E2
1.76132E-3	-2.78841E2
1.76327E-3	-2.78379E2
1.76522E-3	-2.77664E2
1.76718E-3	-2.77257E2
1.76913E-3	-2.76732E2
1.77108E-3	-2.76244E2
1.77303E-3	-2.7563E2
1.77499E-3	-2.74959E2
1.77694E-3	-2.74336E2
1.77889E-3	-2.74001E2
1.78085E-3	-2.73567E2
1.7828E-3	-2.72738E2
1.78475E-3	-2.72198E2
1.78671E-3	-2.71574E2
1.78866E-3	-2.70945E2
1.79061E-3	-2.70329E2
1.79257E-3	-2.69691E2
1.79452E-3	-2.69091E2
1.79647E-3	-2.68366E2
1.79843E-3	-2.67721E2
1.80038E-3	-2.67126E2
1.80233E-3	-2.66475E2
1.80428E-3	-2.65732E2
1.80624E-3	-2.64962E2
1.80819E-3	-2.64376E2
1.81014E-3	-2.63685E2
1.8121E-3	-2.62872E2
1.81405E-3	-2.61952E2
1.816E-3	-2.61138E2
1.81796E-3	-2.60086E2
1.81991E-3	-2.59226E2
1.82186E-3	-2.58358E2
1.82382E-3	-2.57166E2
1.82577E-3	-2.56157E2
1.82772E-3	-2.55197E2
1.82968E-3	-2.54192E2
1.83163E-3	-2.53049E2
1.83358E-3	-2.51899E2
1.83554E-3	-2.50728E2
1.83749E-3	-2.49659E2
1.83944E-3	-2.48492E2
1.8414E-3	-2.47341E2
1.84335E-3	-2.46097E2
1.8453E-3	-2.45048E2
1.84725E-3	-2.43815E2
1.84921E-3	-2.42527E2
1.85116E-3	-2.41504E2
1.85311E-3	-2.40275E2
1.85507E-3	-2.3913E2
1.85702E-3	-2.37909E2
1.85897E-3	-2.36669E2
1.86093E-3	-2.35358E2
1.86288E-3	-2.34358E2
1.86483E-3	-2.33009E2
1.86678E-3	-2.31851E2
1.86874E-3	-2.30712E2
1.87069E-3	-2.29743E2
1.87264E-3	-2.28671E2
1.8746E-3	-2.27614E2
1.87655E-3	-2.26849E2
1.8785E-3	-2.25794E2
1.88046E-3	-2.25037E2
1.88241E-3	-2.2431E2
1.88436E-3	-2.2343E2
1.88632E-3	-2.22799E2
1.88827E-3	-2.21872E2
1.89022E-3	-2.21129E2
1.89218E-3	-2.20553E2
1.89413E-3	-2.19901E2
1.89608E-3	-2.1919E2
1.89803E-3	-2.18423E2
1.89999E-3	-2.1784E2
1.90194E-3	-2.17226E2
1.90389E-3	-2.16664E2
1.90585E-3	-2.16084E2
1.9078E-3	-2.15467E2
1.90975E-3	-2.14979E2
1.91171E-3	-2.14017E2
1.91366E-3	-2.13469E2
1.91561E-3	-2.12819E2
1.91757E-3	-2.12013E2
1.91952E-3	-2.11459E2
1.92147E-3	-2.10774E2
1.92343E-3	-2.10097E2
1.92538E-3	-2.09373E2
1.92733E-3	-2.08473E2
1.92928E-3	-2.07895E2
1.93124E-3	-2.07076E2
1.93319E-3	-2.06268E2
1.93514E-3	-2.05685E2
1.9371E-3	-2.0484E2
1.93905E-3	-2.03932E2
1.941E-3	-2.03239E2
1.94296E-3	-2.02328E2
1.94491E-3	-2.01581E2
1.94686E-3	-2.00733E2
1.94882E-3	-1.99994E2
1.95077E-3	-1.99168E2
1.95272E-3	-1.98355E2
1.95468E-3	-1.97524E2
1.95663E-3	-1.96496E2
1.95858E-3	-1.95713E2
1.96053E-3	-1.94837E2
1.96249E-3	-1.93747E2
1.96444E-3	-1.92945E2
1.96639E-3	-1.91864E2
1.96835E-3	-1.91018E2
1.9703E-3	-1.89855E2
1.97225E-3	-1.88727E2
1.97421E-3	-1.87778E2
1.97616E-3	-1.8687E2
1.97811E-3	-1.85909E2
1.98007E-3	-1.84787E2
1.98202E-3	-1.83725E2
1.98397E-3	-1.82867E2
1.98593E-3	-1.81653E2
1.98788E-3	-1.80758E2
1.98983E-3	-1.79539E2
1.99178E-3	-1.78639E2
1.99374E-3	-1.77506E2
1.99569E-3	-1.76462E2
1.99764E-3	-1.75481E2
1.9996E-3	-1.74333E2
2.00155E-3	-1.73305E2
2.0035E-3	-1.72313E2
2.00546E-3	-1.7123E2
2.00741E-3	-1.69999E2
2.00936E-3	-1.68747E2
2.01132E-3	-1.67661E2
2.01327E-3	-1.66534E2
2.01522E-3	-1.65278E2
2.01718E-3	-1.6403E2
2.01913E-3	-1.62762E2
2.02108E-3	-1.61504E2
2.02303E-3	-1.60273E2
2.02499E-3	-1.59009E2
2.02694E-3	-1.57892E2
2.02889E-3	-1.56731E2
2.03085E-3	-1.55606E2
2.0328E-3	-1.542E2
2.03475E-3	-1.53032E2
2.03671E-3	-1.51771E2
2.03866E-3	-1.50603E2
2.04061E-3	-1.49229E2
2.04257E-3	-1.48011E2
2.04452E-3	-1.46957E2
2.04647E-3	-1.45886E2
2.04843E-3	-1.44638E2
2.05038E-3	-1.43584E2
2.05233E-3	-1.42372E2
2.05428E-3	-1.41405E2
2.05624E-3	-1.40277E2
2.05819E-3	-1.39116E2
2.06014E-3	-1.37735E2
2.0621E-3	-1.36821E2
2.06405E-3	-1.35583E2
2.066E-3	-1.34336E2
2.06796E-3	-1.33324E2
2.06991E-3	-1.3221E2
2.07186E-3	-1.31227E2
2.07382E-3	-1.29987E2
2.07577E-3	-1.28916E2
2.07772E-3	-1.27796E2
2.07968E-3	-1.26892E2
2.08163E-3	-1.25507E2
2.08358E-3	-1.24437E2
2.08553E-3	-1.23397E2
2.08749E-3	-1.22282E2
2.08944E-3	-1.2115E2
2.09139E-3	-1.20092E2
2.09335E-3	-1.19228E2
2.0953E-3	-1.18084E2
2.09725E-3	-1.17275E2
2.09921E-3	-1.16304E2
2.10116E-3	-1.14996E2
2.10311E-3	-1.13978E2
2.10507E-3	-1.12915E2
2.10702E-3	-1.1184E2
2.10897E-3	-1.10714E2
2.11093E-3	-1.0958E2
2.11288E-3	-1.0843E2
2.11483E-3	-1.07479E2
2.11678E-3	-1.06124E2
2.11874E-3	-1.04957E2
2.12069E-3	-1.0388E2
2.12264E-3	-1.02662E2
2.1246E-3	-1.01449E2
2.12655E-3	-1.00115E2
2.1285E-3	-9.86601E1
2.13046E-3	-9.74904E1
2.13241E-3	-9.62365E1
2.13436E-3	-9.49659E1
2.13632E-3	-9.37994E1
2.13827E-3	-9.24589E1
2.14022E-3	-9.11149E1
2.14218E-3	-8.98331E1
2.14413E-3	-8.85997E1
2.14608E-3	-8.74203E1
2.14803E-3	-8.60931E1
2.14999E-3	-8.47134E1
2.15194E-3	-8.34822E1
2.15389E-3	-8.22891E1
2.15585E-3	-8.08963E1
2.1578E-3	-7.95932E1
2.15975E-3	-7.82887E1
2.16171E-3	-7.69751E1
2.16366E-3	-7.56046E1
2.16561E-3	-7.42715E1
2.16757E-3	-7.29244E1
2.16952E-3	-7.16826E1
2.17147E-3	-6.99824E1
2.17343E-3	-6.86586E1
2.17538E-3	-6.71394E1
2.17733E-3	-6.56019E1
2.17928E-3	-6.41953E1
2.18124E-3	-6.26977E1
2.18319E-3	-6.12202E1
2.18514E-3	-5.95548E1
2.1871E-3	-5.80601E1
2.18905E-3	-5.63535E1
2.191E-3	-5.47946E1
2.19296E-3	-5.31595E1
2.19491E-3	-5.15169E1
2.19686E-3	-4.98714E1
2.19882E-3	-4.82426E1
2.20077E-3	-4.66152E1
2.20272E-3	-4.49383E1
2.20468E-3	-4.33774E1
2.20663E-3	-4.18083E1
2.20858E-3	-4.01734E1
2.21053E-3	-3.87722E1
2.21249E-3	-3.7347E1
2.21444E-3	-3.55675E1
2.21639E-3	-3.42855E1
2.21835E-3	-3.2789E1
2.2203E-3	-3.14612E1
2.22225E-3	-3.00871E1
2.22421E-3	-2.88445E1
2.22616E-3	-2.78566E1
2.22811E-3	-2.65769E1
2.23007E-3	-2.55137E1
2.23202E-3	-2.42528E1
2.23397E-3	-2.32684E1
2.23593E-3	-2.23375E1
2.23788E-3	-2.12075E1
2.23983E-3	-2.03286E1
2.24178E-3	-1.94094E1
2.24374E-3	-1.85025E1
2.24569E-3	-1.76128E1
2.24764E-3	-1.66865E1
2.2496E-3	-1.59426E1
2.25155E-3	-1.51234E1
2.2535E-3	-1.41602E1
2.25546E-3	-1.36309E1
2.25741E-3	-1.29838E1
2.25936E-3	-1.21958E1
2.26132E-3	-1.1619E1
2.26327E-3	-1.07435E1
2.26522E-3	-1.01367E1
2.26718E-3	-9.6972E0
2.26913E-3	-9.04308E0
2.27108E-3	-8.73557E0
2.27303E-3	-8.15246E0
2.27499E-3	-7.68709E0
2.27694E-3	-7.45924E0
2.27889E-3	-6.82327E0
2.28085E-3	-6.57513E0
2.2828E-3	-6.20357E0
2.28475E-3	-5.80398E0
2.28671E-3	-5.39439E0
2.28866E-3	-5.18967E0
2.29061E-3	-4.71555E0
2.29257E-3	-4.36566E0
2.29452E-3	-4.11717E0
2.29647E-3	-3.98763E0
2.29843E-3	-3.70602E0
2.30038E-3	-3.40717E0
2.30233E-3	-3.16577E0
2.30428E-3	-2.91449E0
2.30624E-3	-2.77287E0
2.30819E-3	-2.36321E0
2.31014E-3	-2.35534E0
2.3121E-3	-2.26244E0
2.31405E-3	-1.76476E0
2.316E-3	-1.92314E0
2.31796E-3	-1.84079E0
2.31991E-3	-1.70657E0
2.32186E-3	-1.35285E0
2.32382E-3	-1.39594E0
2.32577E-3	-1.243E0
2.32772E-3	-1.05485E0
2.32968E-3	-1.13845E0
2.33163E-3	-7.78769E-1
2.33358E-3	-8.37393E-1
2.33553E-3	-7.39888E-1
2.33749E-3	-5.9572E-1
2.33944E-3	-4.70786E-1
2.34139E-3	-4.96023E-1
2.34335E-3	-4.17855E-1
2.3453E-3	-2.2218E-1
2.34725E-3	-1.80108E-1
2.34921E-3	1.97269E-1
2.35116E-3	-3.83778E-1
2.35311E-3	-1.81205E-1
2.35507E-3	4.84054E-1
2.35702E-3	2.43465E-1
2.35897E-3	5.49149E-1
2.36093E-3	6.72987E-1
2.36288E-3	5.77468E-1
2.36483E-3	7.21022E-1
2.36678E-3	8.79379E-1
2.36874E-3	9.0519E-1
2.37069E-3	8.32773E-1
2.37264E-3	1.04974E0
2.3746E-3	1.2216E0
2.37655E-3	1.10677E0
2.3785E-3	1.21673E0
2.38046E-3	1.44591E0
2.38241E-3	1.43131E0
2.38436E-3	1.38428E0
2.38632E-3	1.36218E0
2.38827E-3	1.30584E0
2.39022E-3	1.31792E0
2.39218E-3	1.51368E0
2.39413E-3	1.53599E0
2.39608E-3	1.56907E0
2.39803E-3	1.42269E0
2.39999E-3	1.65886E0
2.40194E-3	1.64565E0
2.40389E-3	1.95496E0
2.40585E-3	2.16385E0
2.4078E-3	2.21787E0
2.40975E-3	2.48604E0
2.41171E-3	2.43927E0
2.41366E-3	2.42453E0
2.41561E-3	2.35849E0
2.41757E-3	2.65445E0
2.41952E-3	2.69678E0
2.42147E-3	2.85557E0
2.42343E-3	3.00398E0
2.42538E-3	3.106E0
2.42733E-3	3.21281E0
2.42928E-3	3.48952E0
2.43124E-3	3.5984E0
2.43319E-3	3.7615E0
2.43514E-3	4.2579E0
2.4371E-3	4.31282E0
2.43905E-3	4.45289E0
2.441E-3	4.65661E0
2.44296E-3	4.96486E0
2.44491E-3	5.24012E0
2.44686E-3	5.47381E0
2.44882E-3	5.78792E0
2.45077E-3	6.02344E0
2.45272E-3	6.31562E0
2.45468E-3	6.58918E0
2.45663E-3	6.91097E0
2.45858E-3	7.18532E0
2.46053E-3	7.46424E0
2.46249E-3	7.77008E0
2.46444E-3	8.14321E0
2.46639E-3	8.81382E0
2.46835E-3	9.0272E0
2.4703E-3	9.52867E0
2.47225E-3	9.90088E0
2.47421E-3	1.03102E1
2.47616E-3	1.07559E1
2.47811E-3	1.13811E1
2.48007E-3	1.17853E1
2.48202E-3	1.22308E1
2.48397E-3	1.25997E1
2.48593E-3	1.29582E1
2.48788E-3	1.36963E1
2.48983E-3	1.41248E1
2.49178E-3	1.46877E1
2.49374E-3	1.51065E1
2.49569E-3	1.56896E1
2.49764E-3	1.61068E1
2.4996E-3	1.65843E1
2.50155E-3	1.70635E1
2.5035E-3	1.73272E1
2.50546E-3	1.81412E1
2.50741E-3	1.86313E1
2.50936E-3	1.92923E1
2.51132E-3	1.98115E1
2.51327E-3	2.04761E1
2.51522E-3	2.11368E1
2.51718E-3	2.17964E1
2.51913E-3	2.21398E1
2.52108E-3	2.27513E1
2.52303E-3	2.32665E1
2.52499E-3	2.38364E1
2.52694E-3	2.44401E1
2.52889E-3	2.49899E1
2.53085E-3	2.56616E1
2.5328E-3	2.60696E1
2.53475E-3	2.65798E1
2.53671E-3	2.70936E1
2.53866E-3	2.7681E1
2.54061E-3	2.81307E1
2.54257E-3	2.86614E1
2.54452E-3	2.90306E1
2.54647E-3	2.95145E1
2.54843E-3	3.01049E1
2.55038E-3	3.04286E1
2.55233E-3	3.10415E1
2.55428E-3	3.13712E1
2.55624E-3	3.16129E1
2.55819E-3	3.22237E1
2.56014E-3	3.26672E1
2.5621E-3	3.30199E1
2.56405E-3	3.34041E1
2.566E-3	3.37921E1
2.56796E-3	3.4252E1
2.56991E-3	3.4637E1
2.57186E-3	3.49408E1
2.57382E-3	3.52699E1
2.57577E-3	3.55647E1
2.57772E-3	3.58084E1
2.57968E-3	3.6023E1
2.58163E-3	3.60427E1
2.58358E-3	3.6043E1
2.58553E-3	3.63744E1
2.58749E-3	3.64575E1
2.58944E-3	3.69451E1
2.59139E-3	3.71711E1
2.59335E-3	3.72909E1
2.5953E-3	3.75837E1
2.59725E-3	3.76562E1
2.59921E-3	3.75328E1
2.60116E-3	3.74929E1
2.60311E-3	3.74692E1
2.60507E-3	3.72183E1
2.60702E-3	3.68525E1
2.60897E-3	3.63189E1
2.61093E-3	3.55752E1
2.61288E-3	3.46513E1
2.61483E-3	3.38178E1
2.61678E-3	3.31425E1
2.61874E-3	3.23604E1
2.62069E-3	3.18583E1
2.62264E-3	3.13591E1
2.6246E-3	3.11406E1
2.62655E-3	3.11455E1
2.6285E-3	3.10918E1
2.63046E-3	3.1045E1
2.63241E-3	3.12491E1
2.63436E-3	3.12435E1
2.63632E-3	3.12951E1
2.63827E-3	3.10574E1
2.64022E-3	3.08614E1
2.64218E-3	3.03299E1
2.64413E-3	2.98208E1
2.64608E-3	2.91533E1
2.64803E-3	2.81026E1
2.64999E-3	2.7061E1
2.65194E-3	2.59964E1
2.65389E-3	2.49616E1
2.65585E-3	2.36183E1
2.6578E-3	2.23822E1
2.65975E-3	2.1399E1
2.66171E-3	2.0474E1
2.66366E-3	1.96486E1
2.66561E-3	1.86943E1
2.66757E-3	1.81568E1
2.66952E-3	1.75033E1
2.67147E-3	1.70356E1
2.67343E-3	1.65149E1
2.67538E-3	1.60662E1
2.67733E-3	1.57669E1
2.67928E-3	1.5415E1
2.68124E-3	1.52343E1
2.68319E-3	1.48453E1
2.68514E-3	1.46869E1
2.6871E-3	1.47315E1
2.68905E-3	1.44675E1
2.691E-3	1.42258E1
2.69296E-3	1.42426E1
2.69491E-3	1.41956E1
2.69686E-3	1.40941E1
2.69882E-3	1.41028E1
2.70077E-3	1.40644E1
2.70272E-3	1.39518E1
2.70468E-3	1.38686E1
2.70663E-3	1.3383E1
2.70858E-3	1.29704E1
2.71053E-3	1.25933E1
2.71249E-3	1.22763E1
2.71444E-3	1.20888E1
2.71639E-3	1.17272E1
2.71835E-3	1.16697E1
2.7203E-3	1.15414E1
2.72225E-3	1.12635E1
2.72421E-3	1.09603E1
2.72616E-3	1.07316E1
2.72811E-3	1.07373E1
2.73007E-3	1.05988E1
2.73202E-3	1.06453E1
2.73397E-3	1.06042E1
2.73593E-3	1.05601E1
2.73788E-3	1.05294E1
2.73983E-3	1.04577E1
2.74178E-3	1.00762E1
2.74374E-3	1.00111E1
2.74569E-3	9.96006E0
2.74764E-3	1.01312E1
2.7496E-3	1.05501E1
2.75155E-3	1.06504E1
2.7535E-3	1.05832E1
2.75546E-3	1.07943E1
2.75741E-3	1.08412E1
2.75936E-3	1.08254E1
2.76132E-3	1.06743E1
2.76327E-3	1.04726E1
2.76522E-3	1.03812E1
2.76718E-3	1.01422E1
2.76913E-3	9.87564E0
2.77108E-3	9.47807E0
2.77303E-3	9.06019E0
2.77499E-3	8.78993E0
2.77694E-3	8.25605E0
2.7789E-3	7.67495E0
2.78085E-3	7.13508E0
2.7828E-3	6.18387E0
2.78475E-3	5.34071E0
2.78671E-3	4.49016E0
2.78866E-3	3.63132E0
2.79061E-3	2.74919E0
2.79257E-3	2.10277E0
2.79452E-3	1.55555E0
2.79647E-3	7.41434E-1
2.79843E-3	2.41386E-1
2.80038E-3	-5.23452E-1
2.80233E-3	-8.64869E-1
2.80428E-3	-1.52896E0
2.80624E-3	-2.0699E0
2.80819E-3	-2.49964E0
2.81014E-3	-2.89659E0
2.8121E-3	-2.96384E0
2.81405E-3	-3.19617E0
2.816E-3	-3.54907E0
2.81796E-3	-3.64338E0
2.81991E-3	-4.17555E0
2.82186E-3	-4.62651E0
2.82382E-3	-5.04841E0
2.82577E-3	-5.42378E0
2.82772E-3	-6.14997E0
2.82968E-3	-6.67488E0
2.83163E-3	-7.51119E0
2.83358E-3	-7.97727E0
2.83554E-3	-8.3934E0
2.83749E-3	-8.69381E0
2.83944E-3	-8.73058E0
2.8414E-3	-8.59892E0
2.84335E-3	-8.45785E0
2.8453E-3	-8.16058E0
2.84725E-3	-7.65951E0
2.84921E-3	-7.28528E0
2.85116E-3	-6.82906E0
2.85311E-3	-6.17064E0
2.85507E-3	-5.95495E0
2.85702E-3	-5.44746E0
2.85897E-3	-5.04652E0
2.86093E-3	-4.62626E0
2.86288E-3	-4.01472E0
2.86483E-3	-3.57624E0
2.86678E-3	-3.11914E0
2.86874E-3	-2.84159E0
2.87069E-3	-2.45832E0
2.87264E-3	-1.89691E0
2.8746E-3	-1.10473E0
2.87655E-3	-4.72178E-1
2.8785E-3	4.06518E-1
2.88046E-3	1.30471E0
2.88241E-3	2.15352E0
2.88436E-3	3.30136E0
2.88632E-3	4.14812E0
2.88827E-3	5.05224E0
2.89022E-3	5.99971E0
2.89218E-3	7.07611E0
2.89413E-3	8.1947E0
2.89608E-3	8.96786E0
2.89803E-3	1.02917E1
2.89999E-3	1.17136E1
2.90194E-3	1.2927E1
2.90389E-3	1.42074E1
2.90585E-3	1.56156E1
2.9078E-3	1.67525E1
2.90975E-3	1.79486E1
2.91171E-3	1.88583E1
2.91366E-3	2.00219E1
2.91561E-3	2.11185E1
2.91757E-3	2.21995E1
2.91952E-3	2.32952E1
2.92147E-3	2.43649E1
2.92343E-3	2.54872E1
2.92538E-3	2.66003E1
2.92733E-3	2.77389E1
2.92928E-3	2.85645E1
2.93124E-3	2.92802E1
2.93319E-3	3.025E1
2.93514E-3	3.11132E1
2.9371E-3	3.20613E1
2.93905E-3	3.2775E1
2.941E-3	3.35971E1
2.94296E-3	3.44111E1
2.94491E-3	3.52045E1
2.94686E-3	3.58957E1
2.94882E-3	3.6642E1
2.95077E-3	3.72205E1
2.95272E-3	3.76113E1
2.95468E-3	3.81675E1
2.95663E-3	3.83681E1
2.95858E-3	3.88292E1
2.96053E-3	3.93885E1
2.96249E-3	3.98091E1
2.96444E-3	4.01368E1
2.96639E-3	4.06347E1
2.96835E-3	4.07426E1
2.9703E-3	4.11555E1
2.97225E-3	4.15767E1
2.97421E-3	4.17681E1
2.97616E-3	4.21111E1
2.97811E-3	4.25127E1
2.98007E-3	4.27544E1
2.98202E-3	4.2874E1
2.98397E-3	4.31299E1
2.98593E-3	4.34605E1
2.98788E-3	4.36124E1
2.98983E-3	4.38494E1
2.99178E-3	4.40322E1
2.99374E-3	4.44022E1
2.99569E-3	4.4694E1
2.99764E-3	4.5076E1
2.9996E-3	4.55019E1
3.00155E-3	4.57725E1
3.0035E-3	4.59549E1
3.00546E-3	4.61896E1
3.00741E-3	4.6311E1
3.00936E-3	4.65706E1
3.01132E-3	4.69942E1
3.01327E-3	4.72191E1
3.01522E-3	4.74992E1
3.01718E-3	4.81446E1
3.01913E-3	4.85098E1
3.02108E-3	4.90638E1
3.02303E-3	4.97004E1
3.02499E-3	5.01152E1
3.02694E-3	5.06449E1
3.02889E-3	5.0923E1
3.03085E-3	5.12737E1
3.0328E-3	5.16325E1
3.03475E-3	5.19724E1
3.03671E-3	5.27008E1
3.03866E-3	5.33286E1
3.04061E-3	5.40106E1
3.04257E-3	5.46823E1
3.04452E-3	5.5326E1
3.04647E-3	5.57956E1
3.04843E-3	5.62133E1
3.05038E-3	5.65938E1
3.05233E-3	5.70471E1
3.05428E-3	5.75138E1
3.05624E-3	5.7708E1
3.05819E-3	5.82191E1
3.06014E-3	5.86581E1
3.0621E-3	5.93482E1
3.06405E-3	6.00216E1
3.066E-3	6.06709E1
3.06796E-3	6.10625E1
3.06991E-3	6.14167E1
3.07186E-3	6.18194E1
3.07382E-3	6.21841E1
3.07577E-3	6.22505E1
3.07772E-3	6.26746E1
3.07968E-3	6.30199E1
3.08163E-3	6.31958E1
3.08358E-3	6.36281E1
3.08553E-3	6.40716E1
3.08749E-3	6.43349E1
3.08944E-3	6.46074E1
3.09139E-3	6.44855E1
3.09335E-3	6.47932E1
3.0953E-3	6.45049E1
3.09725E-3	6.42884E1
3.09921E-3	6.41507E1
3.10116E-3	6.38477E1
3.10311E-3	6.35922E1
3.10507E-3	6.32607E1
3.10702E-3	6.29072E1
3.10897E-3	6.24111E1
3.11093E-3	6.19958E1
3.11288E-3	6.16325E1
3.11483E-3	6.10492E1
3.11678E-3	6.06499E1
3.11874E-3	6.01058E1
3.12069E-3	5.93557E1
3.12264E-3	5.88213E1
3.1246E-3	5.81609E1
3.12655E-3	5.76634E1
3.1285E-3	5.70084E1
3.13046E-3	5.64056E1
3.13241E-3	5.56144E1
3.13436E-3	5.5057E1
3.13632E-3	5.43836E1
3.13827E-3	5.36036E1
3.14022E-3	5.28635E1
3.14218E-3	5.20021E1
3.14413E-3	5.11898E1
3.14608E-3	5.03862E1
3.14803E-3	4.96704E1
3.14999E-3	4.86944E1
3.15194E-3	4.78604E1
3.15389E-3	4.70259E1
3.15585E-3	4.6042E1
3.1578E-3	4.51836E1
3.15975E-3	4.44548E1
3.16171E-3	4.37381E1
3.16366E-3	4.30543E1
3.16561E-3	4.23667E1
3.16757E-3	4.1694E1
3.16952E-3	4.11319E1
3.17147E-3	4.049E1
3.17343E-3	4.00931E1
3.17538E-3	3.96283E1
3.17733E-3	3.91905E1
3.17928E-3	3.89169E1
3.18124E-3	3.8613E1
3.18319E-3	3.80854E1
3.18514E-3	3.78726E1
3.1871E-3	3.77803E1
3.18905E-3	3.73539E1
3.191E-3	3.74011E1
3.19296E-3	3.71426E1
3.19491E-3	3.69499E1
3.19686E-3	3.69335E1
3.19882E-3	3.68925E1
3.20077E-3	3.67682E1
3.20272E-3	3.63748E1
3.20468E-3	3.63993E1
3.20663E-3	3.616E1
3.20858E-3	3.58462E1
3.21053E-3	3.58608E1
3.21249E-3	3.58491E1
3.21444E-3	3.55617E1
3.2164E-3	3.5648E1
3.21835E-3	3.55547E1
3.2203E-3	3.56344E1
3.22225E-3	3.57545E1
3.22421E-3	3.56656E1
3.22616E-3	3.55898E1
3.22811E-3	3.55431E1
3.23007E-3	3.52293E1
3.23202E-3	3.52135E1
3.23397E-3	3.50925E1
3.23593E-3	3.51701E1
3.23788E-3	3.49949E1
3.23983E-3	3.51048E1
3.24178E-3	3.51942E1
3.24374E-3	3.51254E1
3.24569E-3	3.47962E1
3.24764E-3	3.48006E1
3.2496E-3	3.4326E1
3.25155E-3	3.40664E1
3.2535E-3	3.3749E1
3.25546E-3	3.34287E1
3.25741E-3	3.30896E1
3.25936E-3	3.28064E1
3.26132E-3	3.25791E1
3.26327E-3	3.22651E1
3.26522E-3	3.19907E1
3.26718E-3	3.16405E1
3.26913E-3	3.10728E1
3.27108E-3	3.07426E1
3.27303E-3	3.01886E1
3.27499E-3	2.95753E1
3.27694E-3	2.92282E1
3.27889E-3	2.88441E1
3.28085E-3	2.84842E1
3.2828E-3	2.81009E1
3.28475E-3	2.78086E1
3.28671E-3	2.75453E1
3.28866E-3	2.73544E1
3.29061E-3	2.68879E1
3.29257E-3	2.67931E1
3.29452E-3	2.64243E1
3.29647E-3	2.60778E1
3.29843E-3	2.58961E1
3.30038E-3	2.54872E1
3.30233E-3	2.53147E1
3.30428E-3	2.50786E1
3.30624E-3	2.47768E1
3.30819E-3	2.46443E1
3.31014E-3	2.44557E1
3.3121E-3	2.40627E1
3.31405E-3	2.38802E1
3.316E-3	2.36849E1
3.31796E-3	2.35406E1
3.31991E-3	2.32465E1
3.32186E-3	2.28863E1
3.32382E-3	2.27341E1
3.32577E-3	2.25928E1
3.32772E-3	2.21625E1
3.32968E-3	2.2152E1
3.33163E-3	2.2153E1
3.33358E-3	2.20893E1
3.33553E-3	2.20571E1
3.33749E-3	2.20016E1
3.33944E-3	2.19678E1
3.34139E-3	2.1909E1
3.34335E-3	2.18844E1
3.3453E-3	2.18039E1
3.34725E-3	2.1891E1
3.34921E-3	2.20968E1
3.35116E-3	2.23013E1
3.35311E-3	2.25022E1
3.35507E-3	2.27029E1
3.35702E-3	2.29747E1
3.35897E-3	2.31062E1
3.36093E-3	2.32863E1
3.36288E-3	2.35707E1
3.36483E-3	2.3719E1
3.36678E-3	2.37497E1
3.36874E-3	2.40476E1
3.37069E-3	2.39466E1
3.37264E-3	2.40747E1
3.3746E-3	2.4622E1
3.37655E-3	2.46114E1
3.3785E-3	2.47043E1
3.38046E-3	2.51679E1
3.38241E-3	2.51948E1
3.38436E-3	2.54646E1
3.38632E-3	2.56504E1
3.38827E-3	2.56629E1
3.39022E-3	2.59584E1
3.39218E-3	2.60639E1
3.39413E-3	2.6327E1
3.39608E-3	2.67004E1
3.39803E-3	2.69912E1
3.39999E-3	2.72326E1
3.40194E-3	2.76766E1
3.40389E-3	2.78405E1
3.40585E-3	2.80552E1
3.4078E-3	2.82547E1
3.40975E-3	2.81126E1
3.41171E-3	2.84293E1
3.41366E-3	2.87492E1
3.41561E-3	2.90547E1
3.41757E-3	2.91868E1
3.41952E-3	2.92833E1
3.42147E-3	2.95209E1
3.42343E-3	2.97481E1
3.42538E-3	2.98165E1
3.42733E-3	2.96607E1
3.42928E-3	2.96852E1
3.43124E-3	2.95656E1
3.43319E-3	2.98029E1
3.43514E-3	2.99366E1
3.4371E-3	2.98494E1
3.43905E-3	3.00139E1
3.441E-3	3.0038E1
3.44296E-3	3.02949E1
3.44491E-3	3.05083E1
3.44686E-3	3.059E1
3.44882E-3	3.05359E1
3.45077E-3	3.04174E1
3.45272E-3	3.02998E1
3.45468E-3	3.04938E1
3.45663E-3	3.06152E1
3.45858E-3	3.0602E1
3.46053E-3	3.04802E1
3.46249E-3	3.04505E1
3.46444E-3	3.03911E1
3.46639E-3	3.03797E1
3.46835E-3	3.06732E1
3.4703E-3	3.06576E1
3.47225E-3	3.0608E1
3.47421E-3	3.05572E1
3.47616E-3	3.05288E1
3.47811E-3	3.04326E1
3.48007E-3	3.03671E1
3.48202E-3	3.03951E1
3.48397E-3	3.03276E1
3.48593E-3	3.02926E1
3.48788E-3	3.02416E1
3.48983E-3	3.01982E1
3.49178E-3	3.0168E1
3.49374E-3	3.04902E1
3.49569E-3	3.04103E1
3.49764E-3	3.03628E1
3.4996E-3	3.02875E1
3.50155E-3	3.02164E1
3.5035E-3	3.02123E1
3.50546E-3	3.02188E1
3.50741E-3	3.01663E1
3.50936E-3	3.00592E1
3.51132E-3	3.00941E1
3.51327E-3	3.0048E1
3.51522E-3	2.99707E1
3.51718E-3	2.98949E1
3.51913E-3	2.98827E1
3.52108E-3	3.01958E1
3.52303E-3	2.99606E1
3.52499E-3	3.00907E1
3.52694E-3	2.99586E1
3.52889E-3	2.98655E1
3.53085E-3	2.98867E1
3.5328E-3	2.97974E1
3.53475E-3	2.98603E1
3.53671E-3	2.9699E1
3.53866E-3	2.96715E1
3.54061E-3	2.94742E1
3.54257E-3	2.95061E1
3.54452E-3	2.96718E1
3.54647E-3	2.95068E1
3.54843E-3	2.93287E1
3.55038E-3	2.92814E1
3.55233E-3	2.93877E1
3.55428E-3	2.94907E1
3.55624E-3	2.94225E1
3.55819E-3	2.93759E1
3.56014E-3	2.93807E1
3.5621E-3	2.96318E1
3.56405E-3	2.96486E1
3.566E-3	2.96526E1
3.56796E-3	2.95621E1
3.56991E-3	2.9462E1
3.57186E-3	2.96872E1
3.57382E-3	2.98273E1
3.57577E-3	2.97347E1
3.57772E-3	2.97133E1
3.57968E-3	2.9653E1
3.58163E-3	2.96157E1
3.58358E-3	2.95655E1
3.58553E-3	2.95206E1
3.58749E-3	2.94772E1
3.58944E-3	2.94248E1
3.59139E-3	2.93909E1
3.59335E-3	2.93251E1
3.5953E-3	2.93129E1
3.59725E-3	2.91945E1
3.59921E-3	2.9164E1
3.60116E-3	2.90842E1
3.60311E-3	2.86972E1
3.60507E-3	2.86821E1
3.60702E-3	2.86206E1
3.60897E-3	2.85853E1
3.61093E-3	2.8638E1
3.61288E-3	2.83189E1
3.61483E-3	2.80283E1
3.61678E-3	2.80106E1
3.61874E-3	2.79639E1
3.62069E-3	2.77106E1
3.62264E-3	2.77982E1
3.6246E-3	2.76293E1
3.62655E-3	2.71988E1
3.6285E-3	2.73814E1
3.63046E-3	2.71233E1
3.63241E-3	2.68428E1
3.63436E-3	2.68248E1
3.63632E-3	2.65415E1
3.63827E-3	2.62929E1
3.64022E-3	2.63193E1
3.64218E-3	2.59747E1
3.64413E-3	2.58877E1
3.64608E-3	2.56166E1
3.64803E-3	2.54456E1
3.64999E-3	2.55627E1
3.65194E-3	2.53353E1
3.65389E-3	2.51715E1
3.65585E-3	2.50864E1
3.6578E-3	2.47111E1
3.65975E-3	2.45935E1
3.66171E-3	2.46123E1
3.66366E-3	2.45629E1
3.66561E-3	2.42108E1
3.66757E-3	2.40502E1
3.66952E-3	2.40418E1
3.67147E-3	2.3977E1
3.67343E-3	2.39382E1
3.67538E-3	2.3895E1
3.67733E-3	2.38346E1
3.67928E-3	2.38215E1
3.68124E-3	2.35666E1
3.68319E-3	2.33454E1
3.68514E-3	2.33389E1
3.6871E-3	2.3224E1
3.68905E-3	2.32693E1
3.691E-3	2.28075E1
3.69296E-3	2.27397E1
3.69491E-3	2.2738E1
3.69686E-3	2.2835E1
3.69882E-3	2.26399E1
3.70077E-3	2.26108E1
3.70272E-3	2.23688E1
3.70468E-3	2.22471E1
3.70663E-3	2.23477E1
3.70858E-3	2.22833E1
3.71053E-3	2.22231E1
3.71249E-3	2.22236E1
3.71444E-3	2.21912E1
3.71639E-3	2.2067E1
3.71835E-3	2.20802E1
3.7203E-3	2.19736E1
3.72225E-3	2.20245E1
3.72421E-3	2.18512E1
3.72616E-3	2.17477E1
3.72811E-3	2.18271E1
3.73007E-3	2.1685E1
3.73202E-3	2.14798E1
3.73397E-3	2.13192E1
3.73593E-3	2.12326E1
3.73788E-3	2.12703E1
3.73983E-3	2.11782E1
3.74178E-3	2.11708E1
3.74374E-3	2.10658E1
3.74569E-3	2.07116E1
3.74764E-3	2.05902E1
3.7496E-3	2.06256E1
3.75155E-3	2.03504E1
3.7535E-3	2.01002E1
3.75546E-3	1.99042E1
3.75741E-3	1.96782E1
3.75936E-3	1.96798E1
3.76132E-3	1.92729E1
3.76327E-3	1.92052E1
3.76522E-3	1.898E1
3.76718E-3	1.88799E1
3.76913E-3	1.85333E1
3.77108E-3	1.85398E1
3.77303E-3	1.8302E1
3.77499E-3	1.79911E1
3.77694E-3	1.79913E1
3.7789E-3	1.79232E1
3.78085E-3	1.78711E1
3.7828E-3	1.74544E1
3.78475E-3	1.75223E1
3.78671E-3	1.75967E1
3.78866E-3	1.74362E1
3.79061E-3	1.71935E1
3.79257E-3	1.71968E1
3.79452E-3	1.71152E1
3.79647E-3	1.70969E1
3.79843E-3	1.6777E1
3.80038E-3	1.66342E1
3.80233E-3	1.64424E1
3.80428E-3	1.61466E1
3.80624E-3	1.60887E1
3.80819E-3	1.57135E1
3.81014E-3	1.55429E1
3.8121E-3	1.52616E1
3.81405E-3	1.52485E1
3.816E-3	1.50258E1
3.81796E-3	1.48202E1
3.81991E-3	1.46456E1
3.82186E-3	1.44102E1
3.82382E-3	1.45584E1
3.82577E-3	1.41621E1
3.82772E-3	1.40202E1
3.82968E-3	1.40107E1
3.83163E-3	1.36443E1
3.83358E-3	1.34809E1
3.83554E-3	1.34957E1
3.83749E-3	1.3331E1
3.83944E-3	1.29659E1
3.84139E-3	1.29574E1
3.84335E-3	1.2709E1
3.8453E-3	1.27362E1
3.84725E-3	1.24482E1
3.84921E-3	1.21841E1
3.85116E-3	1.19586E1
3.85311E-3	1.18187E1
3.85507E-3	1.15956E1
3.85702E-3	1.12025E1
3.85897E-3	1.10082E1
3.86093E-3	1.08152E1
3.86288E-3	1.05997E1
3.86483E-3	1.03111E1
3.86678E-3	1.03319E1
3.86874E-3	9.99139E0
3.87069E-3	9.81839E0
3.87264E-3	9.50981E0
3.8746E-3	9.40776E0
3.87655E-3	9.30665E0
3.8785E-3	8.89734E0
3.88046E-3	8.92381E0
3.88241E-3	8.66158E0
3.88436E-3	8.46206E0
3.88632E-3	8.46727E0
3.88827E-3	8.21756E0
3.89022E-3	7.85361E0
3.89218E-3	8.05248E0
3.89413E-3	7.9114E0
3.89608E-3	7.62615E0
3.89803E-3	7.69998E0
3.89999E-3	7.64487E0
3.90194E-3	7.29556E0
3.90389E-3	7.13671E0
3.90585E-3	7.1213E0
3.9078E-3	7.05338E0
3.90975E-3	6.62478E0
3.91171E-3	6.65669E0
3.91366E-3	6.4271E0
3.91561E-3	6.09444E0
3.91757E-3	6.12965E0
3.91952E-3	5.76433E0
3.92147E-3	5.7107E0
3.92343E-3	5.4801E0
3.92538E-3	5.38215E0
3.92733E-3	5.04848E0
3.92928E-3	4.95789E0
3.93124E-3	4.61494E0
3.93319E-3	4.30335E0
3.93514E-3	4.20244E0
3.9371E-3	4.10179E0
3.93905E-3	3.85902E0
3.941E-3	3.54097E0
3.94296E-3	3.37279E0
3.94491E-3	3.20675E0
3.94686E-3	2.96609E0
3.94882E-3	2.84964E0
3.95077E-3	2.472E0
3.95272E-3	2.54268E0
3.95468E-3	2.08955E0
3.95663E-3	2.08573E0
3.95858E-3	1.84162E0
3.96053E-3	1.5345E0
3.96249E-3	1.67274E0
3.96444E-3	1.32952E0
3.96639E-3	1.2507E0
3.96835E-3	9.35327E-1
3.9703E-3	9.2423E-1
3.97225E-3	5.29664E-1
3.97421E-3	4.3656E-1
3.97616E-3	1.29269E-1
3.97811E-3	-3.45409E-2
3.98007E-3	-8.94481E-2
3.98202E-3	-4.44703E-1
3.98397E-3	-6.62756E-1
3.98593E-3	-6.46736E-1
3.98788E-3	-9.15594E-1
3.98983E-3	-1.13823E0
3.99178E-3	-1.29603E0
3.99374E-3	-1.66364E0
3.99569E-3	-1.60585E0
3.99764E-3	-1.7987E0
3.9996E-3	-2.12245E0
4.00155E-3	-2.07793E0
4.0035E-3	-2.49738E0
4.00546E-3	-2.64017E0
4.00741E-3	-2.65881E0
4.00936E-3	-2.60955E0
4.01132E-3	-2.70648E0
4.01327E-3	-3.04849E0
4.01522E-3	-3.01524E0
4.01718E-3	-2.94881E0
4.01913E-3	-3.05722E0
4.02108E-3	-3.04153E0
4.02303E-3	-3.25725E0
4.02499E-3	-3.25801E0
4.02694E-3	-3.56102E0
4.02889E-3	-3.60046E0
4.03085E-3	-3.72619E0
4.0328E-3	-3.71581E0
4.03475E-3	-3.74782E0
4.03671E-3	-3.77797E0
4.03866E-3	-3.8859E0
4.04061E-3	-3.92632E0
4.04257E-3	-3.94934E0
4.04452E-3	-3.87665E0
4.04647E-3	-3.77059E0
4.04843E-3	-3.87712E0
4.05038E-3	-3.69588E0
4.05233E-3	-3.78349E0
4.05428E-3	-3.81238E0
4.05624E-3	-3.8599E0
4.05819E-3	-3.99945E0
4.06014E-3	-3.83138E0
4.0621E-3	-3.80347E0
4.06405E-3	-3.88082E0
4.066E-3	-3.92616E0
4.06796E-3	-3.99505E0
4.06991E-3	-3.90972E0
4.07186E-3	-3.75157E0
4.07382E-3	-3.86523E0
4.07577E-3	-3.93273E0
4.07772E-3	-3.90592E0
4.07968E-3	-3.9989E0
4.08163E-3	-3.70468E0
4.08358E-3	-3.72228E0
4.08553E-3	-3.76907E0
4.08749E-3	-3.74944E0
4.08944E-3	-3.56042E0
4.09139E-3	-3.49471E0
4.09335E-3	-3.58022E0
4.0953E-3	-3.58311E0
4.09725E-3	-3.36666E0
4.09921E-3	-3.31922E0
4.10116E-3	-3.27833E0
4.10311E-3	-3.22068E0
4.10507E-3	-3.41951E0
4.10702E-3	-3.25899E0
4.10897E-3	-3.11399E0
4.11093E-3	-3.2297E0
4.11288E-3	-3.15761E0
4.11483E-3	-2.87747E0
4.11678E-3	-2.97279E0
4.11874E-3	-2.66247E0
4.12069E-3	-2.66579E0
4.12264E-3	-2.4487E0
4.1246E-3	-2.41218E0
4.12655E-3	-2.50211E0
4.1285E-3	-2.36889E0
4.13046E-3	-2.23333E0
4.13241E-3	-2.0792E0
4.13436E-3	-2.14496E0
4.13632E-3	-1.9444E0
4.13827E-3	-1.83146E0
4.14022E-3	-1.58498E0
4.14218E-3	-1.57101E0
4.14413E-3	-1.36165E0
4.14608E-3	-1.20294E0
4.14803E-3	-1.15211E0
4.14999E-3	-9.25634E-1
4.15194E-3	-8.60464E-1
4.1539E-3	-7.92588E-1
4.15585E-3	-7.18327E-1
4.1578E-3	-4.8965E-1
4.15975E-3	-4.15158E-1
4.16171E-3	-2.0002E-1
4.16366E-3	-1.04097E-1
4.16561E-3	-3.92177E-1
4.16757E-3	-4.54523E-2
4.16952E-3	-1.39815E-2
4.17147E-3	-1.75295E-1
4.17343E-3	7.98774E-2
4.17538E-3	3.77657E-2
4.17733E-3	5.31799E-2
4.17929E-3	-1.2357E-1
4.18124E-3	-1.79744E-1
4.18319E-3	1.56698E-1
4.18515E-3	1.96756E-1
4.1871E-3	7.70506E-2
4.18905E-3	4.2051E-2
4.191E-3	7.42976E-2
4.19296E-3	3.7063E-1
4.19491E-3	2.81179E-1
4.19686E-3	2.77535E-1
4.19882E-3	1.72456E-1
4.20077E-3	4.05294E-1
4.20272E-3	5.00508E-1
4.20468E-3	3.46099E-1
4.20663E-3	4.04826E-1
4.20858E-3	4.7202E-1
4.21054E-3	6.0789E-1
4.21249E-3	4.03437E-1
4.21444E-3	4.7239E-1
4.21639E-3	7.2357E-1
4.21835E-3	6.77677E-1
4.2203E-3	6.2566E-1
4.22225E-3	5.6852E-1
4.22421E-3	4.46867E-1
4.22616E-3	6.37571E-1
4.22811E-3	7.16201E-1
4.23007E-3	6.43359E-1
4.23202E-3	6.07963E-1
4.23397E-3	5.62865E-1
4.23593E-3	5.06453E-1
4.23788E-3	4.85258E-1
4.23983E-3	3.89981E-1
4.24178E-3	5.358E-1
4.24374E-3	7.53807E-1
4.24569E-3	5.85011E-1
4.24765E-3	6.40052E-1
4.2496E-3	5.8185E-1
4.25155E-3	5.43556E-1
4.2535E-3	4.94599E-1
4.25546E-3	4.51039E-1
4.25741E-3	6.31787E-1
4.25936E-3	6.04612E-1
4.26132E-3	7.04154E-1
4.26327E-3	5.89874E-1
4.26522E-3	5.91932E-1
4.26718E-3	4.65367E-1
4.26913E-3	7.8036E-1
4.27108E-3	8.0584E-1
4.27304E-3	7.21608E-1
4.27499E-3	7.92664E-1
4.27694E-3	7.42228E-1
4.27889E-3	4.88589E-1
4.28085E-3	4.42658E-1
4.2828E-3	5.59035E-1
4.28475E-3	4.9457E-1
4.28671E-3	4.26193E-1
4.28866E-3	1.93144E-1
4.29061E-3	4.47963E-1
4.29257E-3	4.9473E-1
4.29452E-3	5.68085E-1
4.29647E-3	5.58768E-1
4.29843E-3	4.65729E-1
4.30038E-3	2.51378E-1
4.30233E-3	3.29496E-1
4.30428E-3	3.81462E-1
4.30624E-3	2.29086E-1
4.30819E-3	3.20619E-1
4.31015E-3	1.15399E-1
4.3121E-3	8.76887E-2
4.31405E-3	1.97096E-1
4.316E-3	3.15813E-1
4.31796E-3	1.47727E-1
4.31991E-3	1.888E-1
4.32186E-3	1.11332E-1
4.32382E-3	6.21025E-2
4.32577E-3	1.34242E-1
4.32772E-3	3.10269E-1
4.32968E-3	2.95746E-1
4.33163E-3	2.44881E-1
4.33358E-3	1.93075E-1
4.33554E-3	1.68778E-1
4.33749E-3	7.70692E-2
4.33944E-3	2.2034E-1
4.3414E-3	4.41549E-1
4.34335E-3	3.48418E-1
4.3453E-3	3.29295E-1
4.34725E-3	2.65861E-1
4.34921E-3	2.38477E-1
4.35116E-3	1.69562E-1
4.35311E-3	4.46305E-1
