temps	chemin
-4.02E-7	6.66173E-3
1.551E-6	-7.02712E-2
3.504E-6	-5.89382E-2
5.457E-6	1.47049E-2
7.41E-6	9.04202E-3
9.363E-6	2.95391E-2
1.1316E-5	3.40761E-2
1.3269E-5	5.05111E-2
1.5223E-5	5.7054E-2
1.7176E-5	-5.93013E-3
1.9129E-5	7.96616E-2
2.1082E-5	9.38613E-2
2.3035E-5	1.02218E-1
2.4988E-5	1.15355E-1
2.6941E-5	1.24978E-1
2.8894E-5	1.36497E-1
3.0848E-5	1.48006E-1
3.2801E-5	1.57134E-1
3.4754E-5	1.71632E-1
3.6707E-5	1.7658E-1
3.866E-5	1.97558E-1
4.0613E-5	1.88698E-1
4.2566E-5	2.77868E-1
4.4519E-5	5.5779E-1
4.6472E-5	6.19729E-1
4.8426E-5	5.42039E-1
5.0379E-5	5.90029E-1
5.2332E-5	6.53513E-1
5.4285E-5	5.50779E-1
5.6238E-5	4.7983E-1
5.8191E-5	5.77187E-1
6.0144E-5	6.56728E-1
6.2097E-5	5.5243E-1
6.4051E-5	6.54183E-1
6.6004E-5	6.74794E-1
6.7957E-5	7.27581E-1
6.991E-5	7.40615E-1
7.1863E-5	6.99764E-1
7.3816E-5	7.62636E-1
7.577E-5	8.97314E-1
7.7723E-5	1.11422E0
7.9676E-5	9.62922E-1
8.1629E-5	1.02279E0
8.3582E-5	1.00093E0
8.5535E-5	1.00647E0
8.7488E-5	9.77548E-1
8.9441E-5	1.00963E0
9.1394E-5	1.20725E0
9.3348E-5	1.06115E0
9.5301E-5	1.01579E0
9.7254E-5	1.02387E0
9.9207E-5	9.98749E-1
1.0116E-4	1.14243E0
1.03113E-4	1.08204E0
1.05066E-4	1.10483E0
1.07019E-4	1.23599E0
1.08973E-4	1.33758E0
1.10926E-4	1.37756E0
1.12879E-4	1.35936E0
1.14832E-4	1.41313E0
1.16785E-4	1.45324E0
1.18738E-4	1.44939E0
1.20691E-4	1.46935E0
1.22644E-4	1.39015E0
1.24598E-4	1.61678E0
1.26551E-4	1.52715E0
1.28504E-4	1.45042E0
1.30457E-4	1.45569E0
1.3241E-4	1.54033E0
1.34363E-4	1.67005E0
1.36316E-4	1.49554E0
1.38269E-4	1.50248E0
1.40223E-4	1.53139E0
1.42176E-4	1.4951E0
1.44129E-4	1.69414E0
1.46082E-4	1.96947E0
1.48035E-4	1.9329E0
1.49988E-4	1.96628E0
1.51941E-4	1.96305E0
1.53894E-4	1.98047E0
1.55848E-4	1.98626E0
1.57801E-4	1.99823E0
1.59754E-4	2.00718E0
1.61707E-4	2.01751E0
1.6366E-4	2.02667E0
1.65613E-4	2.03813E0
1.67566E-4	2.04433E0
1.69519E-4	2.06109E0
1.71472E-4	2.05837E0
1.73426E-4	2.08981E0
1.75379E-4	2.06061E0
1.77332E-4	2.17057E0
1.79285E-4	2.11152E0
1.81238E-4	2.2579E0
1.83191E-4	2.55467E0
1.85145E-4	2.505E0
1.87097E-4	2.54595E0
1.89051E-4	2.53759E0
1.91004E-4	2.5574E0
1.92957E-4	2.56158E0
1.9491E-4	2.57347E0
1.96863E-4	2.58282E0
1.98816E-4	2.59076E0
2.0077E-4	2.60386E0
2.02723E-4	2.60698E0
2.04676E-4	2.62707E0
2.06629E-4	2.6192E0
2.08582E-4	2.6573E0
2.10535E-4	2.69232E0
2.12488E-4	2.81303E0
2.14441E-4	2.9751E0
2.16394E-4	3.00613E0
2.18348E-4	2.95919E0
2.20301E-4	2.97875E0
2.22254E-4	3.09247E0
2.24207E-4	3.00756E0
2.2616E-4	3.00383E0
2.28113E-4	3.0268E0
2.30066E-4	3.11863E0
2.32019E-4	3.07094E0
2.33973E-4	3.15754E0
2.35926E-4	3.08434E0
2.37879E-4	3.16207E0
2.39832E-4	3.19455E0
2.41785E-4	3.3979E0
2.43738E-4	3.22694E0
2.45691E-4	3.30103E0
2.47644E-4	3.42129E0
2.49598E-4	3.4567E0
2.51551E-4	3.53961E0
2.53504E-4	3.42139E0
2.55457E-4	3.37412E0
2.5741E-4	3.52158E0
2.59363E-4	3.36613E0
2.61316E-4	3.55619E0
2.63269E-4	3.6236E0
2.65222E-4	3.5191E0
2.67176E-4	3.52621E0
2.69129E-4	3.70345E0
2.71082E-4	3.75587E0
2.73035E-4	3.80439E0
2.74988E-4	3.76643E0
2.76941E-4	3.80245E0
2.78894E-4	3.77673E0
2.80848E-4	3.85821E0
2.82801E-4	3.82035E0
2.84754E-4	3.76116E0
2.86707E-4	3.78774E0
2.8866E-4	3.84645E0
2.90613E-4	3.87743E0
2.92567E-4	3.84666E0
2.94519E-4	3.79415E0
2.96472E-4	4.0065E0
2.98425E-4	4.21773E0
3.00379E-4	4.234E0
3.02332E-4	4.24474E0
3.04285E-4	4.25145E0
3.06238E-4	4.26123E0
3.08191E-4	4.26892E0
3.10144E-4	4.27801E0
3.12098E-4	4.28618E0
3.14051E-4	4.29447E0
3.16004E-4	4.30419E0
3.17957E-4	4.30932E0
3.1991E-4	4.32455E0
3.21863E-4	4.32026E0
3.23816E-4	4.42981E0
3.2577E-4	4.3141E0
3.27723E-4	4.50798E0
3.29676E-4	4.78776E0
3.31629E-4	4.74E0
3.33582E-4	4.78879E0
3.35535E-4	4.70045E0
3.37488E-4	4.769E0
3.39441E-4	4.80198E0
3.41394E-4	4.79538E0
3.43347E-4	4.81781E0
3.45301E-4	4.8063E0
3.47254E-4	4.89892E0
3.49207E-4	4.85477E0
3.5116E-4	4.83189E0
3.53113E-4	4.86094E0
3.55066E-4	4.84745E0
3.5702E-4	4.88386E0
3.58973E-4	4.8439E0
3.60926E-4	5.11414E0
3.62879E-4	5.32134E0
3.64832E-4	5.18288E0
3.66785E-4	5.25413E0
3.68738E-4	5.14153E0
3.70691E-4	5.13109E0
3.72644E-4	5.12298E0
3.74597E-4	5.31691E0
3.76551E-4	5.21594E0
3.78504E-4	5.17186E0
3.80457E-4	5.3102E0
3.8241E-4	5.23741E0
3.84363E-4	5.35429E0
3.86316E-4	5.31752E0
3.88269E-4	5.34327E0
3.90223E-4	5.33159E0
3.92176E-4	5.40196E0
3.94129E-4	5.41187E0
3.96082E-4	5.39054E0
3.98035E-4	5.33914E0
3.99988E-4	5.50797E0
4.01942E-4	5.64727E0
4.03894E-4	5.57027E0
4.05847E-4	5.63138E0
4.07801E-4	5.6781E0
4.09754E-4	5.6852E0
4.11707E-4	5.72789E0
4.1366E-4	5.79904E0
4.15613E-4	5.88882E0
4.17566E-4	5.8342E0
4.19519E-4	5.60921E0
4.21473E-4	5.74678E0
4.23426E-4	5.64268E0
4.25379E-4	5.75511E0
4.27332E-4	5.83568E0
4.29285E-4	5.78463E0
4.31238E-4	5.72498E0
4.33191E-4	5.91049E0
4.35145E-4	5.81047E0
4.37098E-4	5.82133E0
4.39051E-4	5.74562E0
4.41004E-4	5.67576E0
4.42957E-4	5.804E0
4.4491E-4	5.76108E0
4.46863E-4	5.70725E0
4.48816E-4	5.77363E0
4.50769E-4	5.71053E0
4.52723E-4	5.80913E0
4.54676E-4	5.75718E0
4.56629E-4	5.8745E0
4.58582E-4	5.87379E0
4.60535E-4	5.90555E0
4.62488E-4	6.03689E0
4.64441E-4	6.033E0
4.66395E-4	5.76282E0
4.68348E-4	5.78486E0
4.70301E-4	5.88005E0
4.72254E-4	6.05868E0
4.74207E-4	6.23139E0
4.7616E-4	6.15953E0
4.78113E-4	6.26795E0
4.80066E-4	6.30274E0
4.82019E-4	6.28913E0
4.83972E-4	6.14377E0
4.85926E-4	6.28441E0
4.87879E-4	6.38124E0
4.89832E-4	6.24315E0
4.91785E-4	6.16318E0
4.93738E-4	6.28883E0
4.95691E-4	6.29573E0
4.97645E-4	6.32034E0
4.99598E-4	6.30048E0
5.01551E-4	6.45754E0
5.03504E-4	6.22228E0
5.05457E-4	6.1851E0
5.0741E-4	6.29034E0
5.09363E-4	6.52177E0
5.11316E-4	6.45778E0
5.13269E-4	6.33025E0
5.15222E-4	6.28259E0
5.17176E-4	6.2864E0
5.19129E-4	6.39295E0
5.21082E-4	6.45585E0
5.23035E-4	6.31911E0
5.24988E-4	6.38358E0
5.26941E-4	6.42256E0
5.28894E-4	6.41272E0
5.30848E-4	6.3853E0
5.32801E-4	6.50944E0
5.34754E-4	6.42364E0
5.36707E-4	6.61382E0
5.3866E-4	6.21536E0
5.40613E-4	6.03781E0
5.42567E-4	6.24967E0
5.4452E-4	6.17701E0
5.46473E-4	6.13284E0
5.48426E-4	6.30054E0
5.50379E-4	6.30883E0
5.52332E-4	6.23819E0
5.54285E-4	6.11764E0
5.56238E-4	6.2035E0
5.58191E-4	6.43277E0
5.60144E-4	6.31462E0
5.62098E-4	6.21327E0
5.64051E-4	6.19656E0
5.66004E-4	6.18339E0
5.67957E-4	6.36746E0
5.6991E-4	6.17221E0
5.71863E-4	6.31738E0
5.73816E-4	6.18518E0
5.7577E-4	6.20401E0
5.77723E-4	6.23504E0
5.79676E-4	6.21632E0
5.81629E-4	6.29941E0
5.83582E-4	6.2141E0
5.85535E-4	6.29552E0
5.87488E-4	6.3851E0
5.89441E-4	6.17132E0
5.91394E-4	6.23489E0
5.93347E-4	6.26674E0
5.95301E-4	6.37798E0
5.97254E-4	6.30454E0
5.99207E-4	6.28219E0
6.0116E-4	6.34778E0
6.03113E-4	6.34281E0
6.05066E-4	6.29047E0
6.0702E-4	6.32133E0
6.08973E-4	6.50202E0
6.10926E-4	6.16466E0
6.12879E-4	6.15545E0
6.14832E-4	6.12078E0
6.16785E-4	6.09816E0
6.18738E-4	6.18773E0
6.20691E-4	6.1018E0
6.22644E-4	6.13925E0
6.24597E-4	6.12449E0
6.26551E-4	6.17563E0
6.28504E-4	6.11934E0
6.30457E-4	6.20951E0
6.3241E-4	6.19916E0
6.34363E-4	6.21148E0
6.36316E-4	6.21338E0
6.38269E-4	6.21995E0
6.40223E-4	6.14769E0
6.42176E-4	6.14926E0
6.44129E-4	6.2438E0
6.46082E-4	6.09287E0
6.48035E-4	6.22645E0
6.49988E-4	6.20667E0
6.51942E-4	6.14733E0
6.53895E-4	6.19736E0
6.55848E-4	6.20088E0
6.578E-4	6.24315E0
6.59754E-4	6.27265E0
6.61707E-4	6.30764E0
6.6366E-4	6.13357E0
6.65613E-4	5.86653E0
6.67566E-4	5.92249E0
6.69519E-4	5.90128E0
6.71473E-4	5.92097E0
6.73426E-4	5.91745E0
6.75379E-4	5.9272E0
6.77332E-4	5.92884E0
6.79285E-4	5.93676E0
6.81238E-4	5.93728E0
6.83191E-4	5.94928E0
6.85145E-4	5.94143E0
6.87098E-4	5.97029E0
6.89051E-4	5.8997E0
6.91004E-4	5.92578E0
6.92957E-4	5.98039E0
6.9491E-4	5.96838E0
6.96863E-4	5.97817E0
6.98816E-4	5.98695E0
7.00769E-4	5.96171E0
7.02722E-4	5.62707E0
7.04676E-4	5.59865E0
7.06629E-4	5.61422E0
7.08582E-4	5.6117E0
7.10535E-4	5.62133E0
7.12488E-4	5.62216E0
7.14441E-4	5.62911E0
7.16395E-4	5.63201E0
7.18348E-4	5.63732E0
7.20301E-4	5.64148E0
7.22254E-4	5.64545E0
7.24207E-4	5.65122E0
7.2616E-4	5.65251E0
7.28113E-4	5.66283E0
7.30066E-4	5.65634E0
7.32019E-4	5.67929E0
7.33972E-4	5.65134E0
7.35926E-4	5.71631E0
7.37879E-4	5.50864E0
7.39832E-4	5.34056E0
7.41785E-4	5.32131E0
7.43738E-4	5.30703E0
7.45691E-4	5.43233E0
7.47644E-4	5.44638E0
7.49598E-4	5.36521E0
7.51551E-4	5.36122E0
7.53504E-4	5.41998E0
7.55457E-4	5.33964E0
7.5741E-4	5.31466E0
7.59363E-4	5.37814E0
7.61317E-4	5.38996E0
7.6327E-4	5.3391E0
7.65222E-4	5.33303E0
7.67175E-4	5.41561E0
7.69129E-4	5.33734E0
7.71082E-4	4.99546E0
7.73035E-4	5.11457E0
7.74988E-4	5.01664E0
7.76941E-4	5.261E0
7.78894E-4	5.25305E0
7.80848E-4	5.25478E0
7.82801E-4	5.27489E0
7.84754E-4	5.07485E0
7.86707E-4	5.30097E0
7.8866E-4	5.28843E0
7.90613E-4	5.1565E0
7.92566E-4	5.1652E0
7.9452E-4	5.2743E0
7.96473E-4	5.14517E0
7.98426E-4	5.16221E0
8.00379E-4	5.16631E0
8.02332E-4	4.93857E0
8.04285E-4	5.00749E0
8.06238E-4	4.96101E0
8.08191E-4	5.02252E0
8.10144E-4	5.04288E0
8.12097E-4	4.97012E0
8.14051E-4	5.03645E0
8.16004E-4	5.07511E0
8.17957E-4	4.96663E0
8.1991E-4	4.88937E0
8.21863E-4	5.06961E0
8.23816E-4	5.05558E0
8.2577E-4	4.95587E0
8.27723E-4	5.02833E0
8.29676E-4	5.0589E0
8.31629E-4	4.70784E0
8.33582E-4	4.68585E0
8.35535E-4	4.69538E0
8.37488E-4	4.69435E0
8.39441E-4	4.70088E0
8.41394E-4	4.70149E0
8.43347E-4	4.70597E0
8.45301E-4	4.70899E0
8.47254E-4	4.71046E0
8.49207E-4	4.71712E0
8.5116E-4	4.71393E0
8.53113E-4	4.72655E0
8.55066E-4	4.71447E0
8.57019E-4	4.74478E0
8.58973E-4	4.652E0
8.60926E-4	4.31526E0
8.62879E-4	4.39093E0
8.64832E-4	4.4025E0
8.66785E-4	4.33673E0
8.68738E-4	4.36015E0
8.70692E-4	4.35241E0
8.72645E-4	4.36006E0
8.74597E-4	4.36272E0
8.76551E-4	4.36029E0
8.78504E-4	4.37509E0
8.80457E-4	4.35482E0
8.8241E-4	4.40362E0
8.84363E-4	4.14228E0
8.86316E-4	3.95221E0
8.88269E-4	4.00982E0
8.90223E-4	3.97391E0
8.92176E-4	4.04567E0
8.94129E-4	4.09032E0
8.96082E-4	4.19247E0
8.98035E-4	4.07115E0
8.99988E-4	4.00099E0
9.01941E-4	4.00057E0
9.03895E-4	4.03275E0
9.05848E-4	3.86612E0
9.07801E-4	3.62689E0
9.09754E-4	3.77255E0
9.11707E-4	3.82191E0
9.1366E-4	3.69624E0
9.15613E-4	3.76186E0
9.17566E-4	3.79841E0
9.19519E-4	3.89825E0
9.21473E-4	3.77001E0
9.23426E-4	3.75006E0
9.25379E-4	3.47921E0
9.27332E-4	3.61251E0
9.29285E-4	3.60473E0
9.31238E-4	3.44222E0
9.33191E-4	3.67296E0
9.35145E-4	3.6232E0
9.37098E-4	3.60579E0
9.39051E-4	3.51181E0
9.41004E-4	3.24419E0
9.42957E-4	3.29867E0
9.4491E-4	3.2108E0
9.46863E-4	3.23895E0
9.48816E-4	3.29443E0
9.50769E-4	3.26655E0
9.52722E-4	3.29982E0
9.54676E-4	2.97516E0
9.56629E-4	2.87606E0
9.58582E-4	2.90573E0
9.60535E-4	2.89637E0
9.62488E-4	2.89882E0
9.64441E-4	2.91148E0
9.66395E-4	2.87117E0
9.68348E-4	2.63899E0
9.70301E-4	2.58087E0
9.72254E-4	2.51574E0
9.74207E-4	2.51391E0
9.7616E-4	2.56838E0
9.78113E-4	2.58739E0
9.80067E-4	2.30505E0
9.82019E-4	2.24239E0
9.83972E-4	2.43326E0
9.85926E-4	2.37401E0
9.87879E-4	2.22333E0
9.89832E-4	2.38663E0
9.91785E-4	2.25548E0
9.93738E-4	1.88246E0
9.95691E-4	2.08756E0
9.97644E-4	1.9979E0
9.99598E-4	2.09249E0
1.00155E-3	1.96688E0
1.0035E-3	1.68584E0
1.00546E-3	1.74589E0
1.00741E-3	1.77417E0
1.00936E-3	1.75395E0
1.01132E-3	1.784E0
1.01327E-3	1.45708E0
1.01522E-3	1.36296E0
1.01718E-3	1.38188E0
1.01913E-3	1.38919E0
1.02108E-3	1.34643E0
1.02303E-3	1.04318E0
1.02499E-3	1.04762E0
1.02694E-3	1.01191E0
1.02889E-3	1.0636E0
1.03085E-3	8.9006E-1
1.0328E-3	7.90869E-1
1.03475E-3	7.57858E-1
1.03671E-3	7.86206E-1
1.03866E-3	5.09548E-1
1.04061E-3	4.37778E-1
1.04257E-3	3.71686E-1
1.04452E-3	5.5893E-1
1.04647E-3	2.69662E-1
1.04843E-3	1.49017E-1
1.05038E-3	2.94442E-1
1.05233E-3	-4.78472E-2
1.05428E-3	-2.52584E-1
1.05624E-3	-1.54329E-1
1.05819E-3	-1.48469E-1
1.06014E-3	-3.79171E-1
1.0621E-3	-5.28484E-1
1.06405E-3	-4.98227E-1
1.066E-3	-8.00161E-1
1.06796E-3	-8.76348E-1
1.06991E-3	-8.46116E-1
1.07186E-3	-9.78177E-1
1.07382E-3	-1.00226E0
1.07577E-3	-1.08333E0
1.07772E-3	-1.34521E0
1.07968E-3	-1.29853E0
1.08163E-3	-1.47638E0
1.08358E-3	-1.76591E0
1.08553E-3	-1.6693E0
1.08749E-3	-1.96095E0
1.08944E-3	-2.13355E0
1.09139E-3	-2.11044E0
1.09335E-3	-2.49908E0
1.0953E-3	-2.40673E0
1.09725E-3	-2.66036E0
1.09921E-3	-2.87508E0
1.10116E-3	-2.91079E0
1.10311E-3	-2.94034E0
1.10507E-3	-3.19875E0
1.10702E-3	-3.26454E0
1.10897E-3	-3.51332E0
1.11093E-3	-3.67295E0
1.11288E-3	-3.88731E0
1.11483E-3	-4.08634E0
1.11678E-3	-4.11136E0
1.11874E-3	-4.40758E0
1.12069E-3	-4.41569E0
1.12264E-3	-4.51537E0
1.1246E-3	-4.76594E0
1.12655E-3	-4.93396E0
1.1285E-3	-5.24E0
1.13046E-3	-5.22018E0
1.13241E-3	-5.52257E0
1.13436E-3	-5.80908E0
1.13632E-3	-5.9042E0
1.13827E-3	-6.07127E0
1.14022E-3	-6.33305E0
1.14218E-3	-6.57522E0
1.14413E-3	-6.81108E0
1.14608E-3	-7.07534E0
1.14803E-3	-7.32054E0
1.14999E-3	-7.55396E0
1.15194E-3	-7.68415E0
1.1539E-3	-8.00606E0
1.15585E-3	-8.36092E0
1.1578E-3	-8.40263E0
1.15975E-3	-8.86752E0
1.16171E-3	-9.11606E0
1.16366E-3	-9.23154E0
1.16561E-3	-9.53456E0
1.16757E-3	-9.82605E0
1.16952E-3	-1.02404E1
1.17147E-3	-1.03923E1
1.17343E-3	-1.08241E1
1.17538E-3	-1.09708E1
1.17733E-3	-1.12494E1
1.17928E-3	-1.15887E1
1.18124E-3	-1.20761E1
1.18319E-3	-1.24694E1
1.18514E-3	-1.26781E1
1.1871E-3	-1.31355E1
1.18905E-3	-1.3423E1
1.191E-3	-1.37806E1
1.19296E-3	-1.42135E1
1.19491E-3	-1.45479E1
1.19686E-3	-1.50229E1
1.19882E-3	-1.52623E1
1.20077E-3	-1.57395E1
1.20272E-3	-1.62501E1
1.20468E-3	-1.65259E1
1.20663E-3	-1.6904E1
1.20858E-3	-1.7485E1
1.21053E-3	-1.78867E1
1.21249E-3	-1.83947E1
1.21444E-3	-1.87982E1
1.21639E-3	-1.92413E1
1.21835E-3	-1.98596E1
1.2203E-3	-2.04068E1
1.22225E-3	-2.08802E1
1.22421E-3	-2.14218E1
1.22616E-3	-2.19634E1
1.22811E-3	-2.24688E1
1.23007E-3	-2.30757E1
1.23202E-3	-2.37395E1
1.23397E-3	-2.43199E1
1.23593E-3	-2.49304E1
1.23788E-3	-2.53676E1
1.23983E-3	-2.62109E1
1.24178E-3	-2.68849E1
1.24374E-3	-2.7605E1
1.24569E-3	-2.84036E1
1.24764E-3	-2.91826E1
1.2496E-3	-2.9956E1
1.25155E-3	-3.06081E1
1.2535E-3	-3.15083E1
1.25546E-3	-3.24634E1
1.25741E-3	-3.33673E1
1.25936E-3	-3.41771E1
1.26132E-3	-3.5062E1
1.26327E-3	-3.60508E1
1.26522E-3	-3.71141E1
1.26718E-3	-3.8108E1
1.26913E-3	-3.91331E1
1.27108E-3	-4.00223E1
1.27303E-3	-4.10086E1
1.27499E-3	-4.22361E1
1.27694E-3	-4.32996E1
1.27889E-3	-4.43412E1
1.28085E-3	-4.53429E1
1.2828E-3	-4.66086E1
1.28475E-3	-4.76977E1
1.28671E-3	-4.89005E1
1.28866E-3	-5.00592E1
1.29061E-3	-5.11395E1
1.29257E-3	-5.25436E1
1.29452E-3	-5.36569E1
1.29647E-3	-5.48878E1
1.29843E-3	-5.62422E1
1.30038E-3	-5.74866E1
1.30233E-3	-5.88053E1
1.30428E-3	-6.01455E1
1.30624E-3	-6.14554E1
1.30819E-3	-6.27164E1
1.31014E-3	-6.41324E1
1.3121E-3	-6.54223E1
1.31405E-3	-6.6703E1
1.316E-3	-6.83776E1
1.31796E-3	-6.96711E1
1.31991E-3	-7.08842E1
1.32186E-3	-7.24329E1
1.32382E-3	-7.37292E1
1.32577E-3	-7.51686E1
1.32772E-3	-7.6488E1
1.32968E-3	-7.79774E1
1.33163E-3	-7.94968E1
1.33358E-3	-8.08241E1
1.33553E-3	-8.21849E1
1.33749E-3	-8.37296E1
1.33944E-3	-8.53041E1
1.34139E-3	-8.66669E1
1.34335E-3	-8.82036E1
1.3453E-3	-8.95844E1
1.34725E-3	-9.11596E1
1.34921E-3	-9.26234E1
1.35116E-3	-9.41608E1
1.35311E-3	-9.56135E1
1.35507E-3	-9.70763E1
1.35702E-3	-9.86493E1
1.35897E-3	-1.00041E2
1.36093E-3	-1.01593E2
1.36288E-3	-1.03196E2
1.36483E-3	-1.04708E2
1.36678E-3	-1.06342E2
1.36874E-3	-1.07814E2
1.37069E-3	-1.09393E2
1.37264E-3	-1.10798E2
1.3746E-3	-1.12452E2
1.37655E-3	-1.14086E2
1.3785E-3	-1.15552E2
1.38046E-3	-1.17152E2
1.38241E-3	-1.18813E2
1.38436E-3	-1.2038E2
1.38632E-3	-1.217E2
1.38827E-3	-1.23218E2
1.39022E-3	-1.24895E2
1.39218E-3	-1.26398E2
1.39413E-3	-1.27731E2
1.39608E-3	-1.29319E2
1.39803E-3	-1.30969E2
1.39999E-3	-1.32422E2
1.40194E-3	-1.3402E2
1.40389E-3	-1.35575E2
1.40585E-3	-1.3703E2
1.4078E-3	-1.38639E2
1.40975E-3	-1.40057E2
1.41171E-3	-1.42175E2
1.41366E-3	-1.43499E2
1.41561E-3	-1.44625E2
1.41757E-3	-1.46413E2
1.41952E-3	-1.47713E2
1.42147E-3	-1.49436E2
1.42343E-3	-1.5082E2
1.42538E-3	-1.52395E2
1.42733E-3	-1.53855E2
1.42928E-3	-1.55512E2
1.43124E-3	-1.56954E2
1.43319E-3	-1.58303E2
1.43514E-3	-1.59869E2
1.4371E-3	-1.61332E2
1.43905E-3	-1.62816E2
1.441E-3	-1.64311E2
1.44296E-3	-1.65639E2
1.44491E-3	-1.67002E2
1.44686E-3	-1.68354E2
1.44882E-3	-1.69879E2
1.45077E-3	-1.71234E2
1.45272E-3	-1.72307E2
1.45468E-3	-1.73756E2
1.45663E-3	-1.74993E2
1.45858E-3	-1.76318E2
1.46053E-3	-1.77561E2
1.46249E-3	-1.78906E2
1.46444E-3	-1.80094E2
1.46639E-3	-1.81359E2
1.46835E-3	-1.8262E2
1.4703E-3	-1.83684E2
1.47225E-3	-1.85072E2
1.47421E-3	-1.86238E2
1.47616E-3	-1.87354E2
1.47811E-3	-1.88652E2
1.48007E-3	-1.89935E2
1.48202E-3	-1.90992E2
1.48397E-3	-1.92009E2
1.48593E-3	-1.93194E2
1.48788E-3	-1.94361E2
1.48983E-3	-1.95397E2
1.49178E-3	-1.96657E2
1.49374E-3	-1.97676E2
1.49569E-3	-1.98558E2
1.49764E-3	-1.99549E2
1.4996E-3	-2.0065E2
1.50155E-3	-2.017E2
1.5035E-3	-2.02454E2
1.50546E-3	-2.03553E2
1.50741E-3	-2.04544E2
1.50936E-3	-2.05252E2
1.51132E-3	-2.06288E2
1.51327E-3	-2.07133E2
1.51522E-3	-2.0796E2
1.51718E-3	-2.08899E2
1.51913E-3	-2.09899E2
1.52108E-3	-2.10695E2
1.52303E-3	-2.11651E2
1.52499E-3	-2.12337E2
1.52694E-3	-2.13078E2
1.52889E-3	-2.14085E2
1.53085E-3	-2.14853E2
1.5328E-3	-2.1576E2
1.53475E-3	-2.16632E2
1.53671E-3	-2.17383E2
1.53866E-3	-2.1812E2
1.54061E-3	-2.19074E2
1.54257E-3	-2.1995E2
1.54452E-3	-2.20764E2
1.54647E-3	-2.21609E2
1.54843E-3	-2.22416E2
1.55038E-3	-2.23308E2
1.55233E-3	-2.24052E2
1.55428E-3	-2.24847E2
1.55624E-3	-2.25505E2
1.55819E-3	-2.26322E2
1.56014E-3	-2.27056E2
1.5621E-3	-2.27748E2
1.56405E-3	-2.28179E2
1.566E-3	-2.28869E2
1.56796E-3	-2.29619E2
1.56991E-3	-2.30131E2
1.57186E-3	-2.30725E2
1.57382E-3	-2.31263E2
1.57577E-3	-2.31851E2
1.57772E-3	-2.32237E2
1.57968E-3	-2.32783E2
1.58163E-3	-2.33133E2
1.58358E-3	-2.33501E2
1.58553E-3	-2.33955E2
1.58749E-3	-2.34271E2
1.58944E-3	-2.34645E2
1.59139E-3	-2.3499E2
1.59335E-3	-2.35342E2
1.5953E-3	-2.35662E2
1.59725E-3	-2.36183E2
1.59921E-3	-2.36614E2
1.60116E-3	-2.36988E2
1.60311E-3	-2.37275E2
1.60507E-3	-2.37548E2
1.60702E-3	-2.37857E2
1.60897E-3	-2.38279E2
1.61093E-3	-2.38406E2
1.61288E-3	-2.3871E2
1.61483E-3	-2.38962E2
1.61678E-3	-2.39089E2
1.61874E-3	-2.3923E2
1.62069E-3	-2.39484E2
1.62264E-3	-2.39572E2
1.6246E-3	-2.39566E2
1.62655E-3	-2.39557E2
1.6285E-3	-2.39654E2
1.63046E-3	-2.39997E2
1.63241E-3	-2.39956E2
1.63436E-3	-2.40023E2
1.63632E-3	-2.39752E2
1.63827E-3	-2.39581E2
1.64022E-3	-2.39616E2
1.64218E-3	-2.39631E2
1.64413E-3	-2.39305E2
1.64608E-3	-2.39305E2
1.64803E-3	-2.39198E2
1.64999E-3	-2.38903E2
1.65194E-3	-2.38895E2
1.65389E-3	-2.38836E2
1.65585E-3	-2.38631E2
1.6578E-3	-2.38231E2
1.65975E-3	-2.38094E2
1.66171E-3	-2.37796E2
1.66366E-3	-2.37373E2
1.66561E-3	-2.37128E2
1.66757E-3	-2.36871E2
1.66952E-3	-2.36437E2
1.67147E-3	-2.36102E2
1.67343E-3	-2.35673E2
1.67538E-3	-2.35193E2
1.67733E-3	-2.34774E2
1.67928E-3	-2.3424E2
1.68124E-3	-2.33906E2
1.68319E-3	-2.33391E2
1.68514E-3	-2.32833E2
1.6871E-3	-2.32287E2
1.68905E-3	-2.31806E2
1.691E-3	-2.31188E2
1.69296E-3	-2.3054E2
1.69491E-3	-2.30099E2
1.69686E-3	-2.29391E2
1.69882E-3	-2.28847E2
1.70077E-3	-2.28161E2
1.70272E-3	-2.27408E2
1.70468E-3	-2.26758E2
1.70663E-3	-2.26218E2
1.70858E-3	-2.25316E2
1.71053E-3	-2.24571E2
1.71249E-3	-2.23904E2
1.71444E-3	-2.23035E2
1.71639E-3	-2.22166E2
1.71835E-3	-2.21231E2
1.7203E-3	-2.20403E2
1.72225E-3	-2.19499E2
1.72421E-3	-2.18681E2
1.72616E-3	-2.17676E2
1.72811E-3	-2.16635E2
1.73007E-3	-2.15721E2
1.73202E-3	-2.14749E2
1.73397E-3	-2.13803E2
1.73593E-3	-2.12747E2
1.73788E-3	-2.11879E2
1.73983E-3	-2.10826E2
1.74178E-3	-2.09745E2
1.74374E-3	-2.08931E2
1.74569E-3	-2.07758E2
1.74764E-3	-2.06621E2
1.7496E-3	-2.05472E2
1.75155E-3	-2.04436E2
1.7535E-3	-2.03569E2
1.75546E-3	-2.02311E2
1.75741E-3	-2.01253E2
1.75936E-3	-1.99965E2
1.76132E-3	-1.98924E2
1.76327E-3	-1.97747E2
1.76522E-3	-1.96662E2
1.76718E-3	-1.95562E2
1.76913E-3	-1.94263E2
1.77108E-3	-1.93203E2
1.77303E-3	-1.9202E2
1.77499E-3	-1.90847E2
1.77694E-3	-1.89614E2
1.77889E-3	-1.88548E2
1.78085E-3	-1.87206E2
1.7828E-3	-1.86111E2
1.78475E-3	-1.84818E2
1.78671E-3	-1.83832E2
1.78866E-3	-1.82615E2
1.79061E-3	-1.8137E2
1.79257E-3	-1.8014E2
1.79452E-3	-1.79043E2
1.79647E-3	-1.77824E2
1.79843E-3	-1.76565E2
1.80038E-3	-1.7534E2
1.80233E-3	-1.74256E2
1.80428E-3	-1.7324E2
1.80624E-3	-1.71827E2
1.80819E-3	-1.70743E2
1.81014E-3	-1.69613E2
1.8121E-3	-1.68533E2
1.81405E-3	-1.67288E2
1.816E-3	-1.6614E2
1.81796E-3	-1.64937E2
1.81991E-3	-1.63968E2
1.82186E-3	-1.62708E2
1.82382E-3	-1.61412E2
1.82577E-3	-1.60336E2
1.82772E-3	-1.5917E2
1.82968E-3	-1.58132E2
1.83163E-3	-1.56767E2
1.83358E-3	-1.55587E2
1.83554E-3	-1.54504E2
1.83749E-3	-1.5346E2
1.83944E-3	-1.5219E2
1.8414E-3	-1.51026E2
1.84335E-3	-1.49844E2
1.8453E-3	-1.48727E2
1.84725E-3	-1.47634E2
1.84921E-3	-1.4647E2
1.85116E-3	-1.45345E2
1.85311E-3	-1.44256E2
1.85507E-3	-1.4312E2
1.85702E-3	-1.41904E2
1.85897E-3	-1.40816E2
1.86093E-3	-1.39541E2
1.86288E-3	-1.38499E2
1.86483E-3	-1.37341E2
1.86678E-3	-1.36154E2
1.86874E-3	-1.34988E2
1.87069E-3	-1.33862E2
1.87264E-3	-1.32748E2
1.8746E-3	-1.31473E2
1.87655E-3	-1.304E2
1.8785E-3	-1.29236E2
1.88046E-3	-1.28115E2
1.88241E-3	-1.26965E2
1.88436E-3	-1.25826E2
1.88632E-3	-1.24601E2
1.88827E-3	-1.23678E2
1.89022E-3	-1.22455E2
1.89218E-3	-1.21307E2
1.89413E-3	-1.20209E2
1.89608E-3	-1.19121E2
1.89803E-3	-1.18176E2
1.89999E-3	-1.16919E2
1.90194E-3	-1.15897E2
1.90389E-3	-1.14766E2
1.90585E-3	-1.13621E2
1.9078E-3	-1.12693E2
1.90975E-3	-1.11476E2
1.91171E-3	-1.10425E2
1.91366E-3	-1.09261E2
1.91561E-3	-1.08235E2
1.91757E-3	-1.07103E2
1.91952E-3	-1.05976E2
1.92147E-3	-1.04782E2
1.92343E-3	-1.03779E2
1.92538E-3	-1.02619E2
1.92733E-3	-1.01328E2
1.92928E-3	-1.00232E2
1.93124E-3	-9.88587E1
1.93319E-3	-9.76251E1
1.93514E-3	-9.64129E1
1.9371E-3	-9.51711E1
1.93905E-3	-9.39279E1
1.941E-3	-9.26005E1
1.94296E-3	-9.12731E1
1.94491E-3	-8.99148E1
1.94686E-3	-8.86098E1
1.94882E-3	-8.72429E1
1.95077E-3	-8.58099E1
1.95272E-3	-8.45039E1
1.95468E-3	-8.3167E1
1.95663E-3	-8.16089E1
1.95858E-3	-8.00535E1
1.96053E-3	-7.88277E1
1.96249E-3	-7.72323E1
1.96444E-3	-7.57043E1
1.96639E-3	-7.42605E1
1.96835E-3	-7.28376E1
1.9703E-3	-7.12662E1
1.97225E-3	-6.95507E1
1.97421E-3	-6.8117E1
1.97616E-3	-6.66277E1
1.97811E-3	-6.48526E1
1.98007E-3	-6.35838E1
1.98202E-3	-6.18547E1
1.98397E-3	-6.00896E1
1.98593E-3	-5.87204E1
1.98788E-3	-5.72281E1
1.98983E-3	-5.55129E1
1.99178E-3	-5.3998E1
1.99374E-3	-5.23837E1
1.99569E-3	-5.06535E1
1.99764E-3	-4.89883E1
1.9996E-3	-4.75508E1
2.00155E-3	-4.59387E1
2.0035E-3	-4.42577E1
2.00546E-3	-4.28998E1
2.00741E-3	-4.11001E1
2.00936E-3	-3.95435E1
2.01132E-3	-3.79375E1
2.01327E-3	-3.62329E1
2.01522E-3	-3.4675E1
2.01718E-3	-3.32091E1
2.01913E-3	-3.15385E1
2.02108E-3	-2.98578E1
2.02303E-3	-2.82556E1
2.02499E-3	-2.67645E1
2.02694E-3	-2.49112E1
2.02889E-3	-2.35682E1
2.03085E-3	-2.2071E1
2.0328E-3	-2.01945E1
2.03475E-3	-1.87612E1
2.03671E-3	-1.71938E1
2.03866E-3	-1.54754E1
2.04061E-3	-1.39044E1
2.04257E-3	-1.25087E1
2.04452E-3	-1.073E1
2.04647E-3	-9.22798E0
2.04843E-3	-7.68707E0
2.05038E-3	-6.12072E0
2.05233E-3	-4.53976E0
2.05428E-3	-3.15272E0
2.05624E-3	-1.44048E0
2.05819E-3	8.35874E-2
2.06014E-3	1.49788E0
2.0621E-3	2.96624E0
2.06405E-3	4.50803E0
2.066E-3	5.9615E0
2.06796E-3	7.46234E0
2.06991E-3	8.93075E0
2.07186E-3	1.03842E1
2.07382E-3	1.18032E1
2.07577E-3	1.30894E1
2.07772E-3	1.47084E1
2.07968E-3	1.58492E1
2.08163E-3	1.67447E1
2.08358E-3	1.87908E1
2.08553E-3	2.00611E1
2.08749E-3	2.12878E1
2.08944E-3	2.25928E1
2.09139E-3	2.40276E1
2.09335E-3	2.52383E1
2.0953E-3	2.63962E1
2.09725E-3	2.76286E1
2.09921E-3	2.88904E1
2.10116E-3	3.01714E1
2.10311E-3	3.13178E1
2.10507E-3	3.2405E1
2.10702E-3	3.36413E1
2.10897E-3	3.46106E1
2.11093E-3	3.58007E1
2.11288E-3	3.65956E1
2.11483E-3	3.75934E1
2.11678E-3	3.86473E1
2.11874E-3	3.95093E1
2.12069E-3	4.04354E1
2.12264E-3	4.11635E1
2.1246E-3	4.19059E1
2.12655E-3	4.28479E1
2.1285E-3	4.35761E1
2.13046E-3	4.42329E1
2.13241E-3	4.49193E1
2.13436E-3	4.55106E1
2.13632E-3	4.62152E1
2.13827E-3	4.67022E1
2.14022E-3	4.71855E1
2.14218E-3	4.78865E1
2.14413E-3	4.83242E1
2.14608E-3	4.8791E1
2.14803E-3	4.92156E1
2.14999E-3	4.9666E1
2.15194E-3	4.99458E1
2.15389E-3	5.0318E1
2.15585E-3	5.06096E1
2.1578E-3	5.08126E1
2.15975E-3	5.13351E1
2.16171E-3	5.13468E1
2.16366E-3	5.15454E1
2.16561E-3	5.17017E1
2.16757E-3	5.17233E1
2.16952E-3	5.18491E1
2.17147E-3	5.18123E1
2.17343E-3	5.18833E1
2.17538E-3	5.2058E1
2.17733E-3	5.20506E1
2.17928E-3	5.21084E1
2.18124E-3	5.2037E1
2.18319E-3	5.18306E1
2.18514E-3	5.18054E1
2.1871E-3	5.18138E1
2.18905E-3	5.14916E1
2.191E-3	5.14408E1
2.19296E-3	5.13062E1
2.19491E-3	5.11541E1
2.19686E-3	5.0924E1
2.19882E-3	5.07406E1
2.20077E-3	5.0695E1
2.20272E-3	5.03835E1
2.20468E-3	5.01514E1
2.20663E-3	4.9884E1
2.20858E-3	4.96815E1
2.21053E-3	4.94824E1
2.21249E-3	4.94837E1
2.21444E-3	4.9056E1
2.21639E-3	4.87408E1
2.21835E-3	4.84909E1
2.2203E-3	4.82577E1
2.22225E-3	4.79061E1
2.22421E-3	4.75664E1
2.22616E-3	4.73253E1
2.22811E-3	4.6825E1
2.23007E-3	4.6673E1
2.23202E-3	4.61644E1
2.23397E-3	4.58892E1
2.23593E-3	4.56105E1
2.23788E-3	4.51307E1
2.23983E-3	4.47371E1
2.24178E-3	4.44629E1
2.24374E-3	4.40296E1
2.24569E-3	4.34896E1
2.24764E-3	4.31564E1
2.2496E-3	4.28609E1
2.25155E-3	4.23155E1
2.2535E-3	4.18106E1
2.25546E-3	4.1468E1
2.25741E-3	4.09336E1
2.25936E-3	4.04318E1
2.26132E-3	4.01237E1
2.26327E-3	3.96008E1
2.26522E-3	3.92382E1
2.26718E-3	3.87731E1
2.26913E-3	3.81598E1
2.27108E-3	3.77827E1
2.27303E-3	3.73394E1
2.27499E-3	3.67893E1
2.27694E-3	3.65412E1
2.27889E-3	3.59549E1
2.28085E-3	3.52991E1
2.2828E-3	3.50442E1
2.28475E-3	3.44845E1
2.28671E-3	3.39871E1
2.28866E-3	3.34873E1
2.29061E-3	3.29228E1
2.29257E-3	3.25811E1
2.29452E-3	3.19527E1
2.29647E-3	3.14874E1
2.29843E-3	3.11399E1
2.30038E-3	3.05653E1
2.30233E-3	3.00395E1
2.30428E-3	2.94327E1
2.30624E-3	2.8913E1
2.30819E-3	2.83807E1
2.31014E-3	2.77928E1
2.3121E-3	2.7231E1
2.31405E-3	2.65472E1
2.316E-3	2.61941E1
2.31796E-3	2.54325E1
2.31991E-3	2.48633E1
2.32186E-3	2.40693E1
2.32382E-3	2.35161E1
2.32577E-3	2.30145E1
2.32772E-3	2.22389E1
2.32968E-3	2.16686E1
2.33163E-3	2.10361E1
2.33358E-3	2.05742E1
2.33553E-3	1.97494E1
2.33749E-3	1.92874E1
2.33944E-3	1.85866E1
2.34139E-3	1.78943E1
2.34335E-3	1.70827E1
2.3453E-3	1.67594E1
2.34725E-3	1.53289E1
2.34921E-3	1.41302E1
2.35116E-3	1.48438E1
2.35311E-3	1.3824E1
2.35507E-3	1.33801E1
2.35702E-3	1.25707E1
2.35897E-3	1.18628E1
2.36093E-3	1.1214E1
2.36288E-3	1.06734E1
2.36483E-3	1.0024E1
2.36678E-3	9.32479E0
2.36874E-3	8.53949E0
2.37069E-3	7.86904E0
2.37264E-3	7.28922E0
2.3746E-3	6.50846E0
2.37655E-3	5.93142E0
2.3785E-3	5.32896E0
2.38046E-3	4.52692E0
2.38241E-3	3.9017E0
2.38436E-3	3.26751E0
2.38632E-3	2.59152E0
2.38827E-3	1.75422E0
2.39022E-3	1.09282E0
2.39218E-3	5.05107E-1
2.39413E-3	-1.42497E-1
2.39608E-3	-9.91079E-1
2.39803E-3	-1.56748E0
2.39999E-3	-2.16345E0
2.40194E-3	-2.93193E0
2.40389E-3	-3.54544E0
2.40585E-3	-4.20986E0
2.4078E-3	-4.89743E0
2.40975E-3	-5.43949E0
2.41171E-3	-6.09052E0
2.41366E-3	-6.69873E0
2.41561E-3	-7.41579E0
2.41757E-3	-7.86983E0
2.41952E-3	-8.54482E0
2.42147E-3	-8.96631E0
2.42343E-3	-9.40444E0
2.42538E-3	-9.94E0
2.42733E-3	-1.03242E1
2.42928E-3	-1.10262E1
2.43124E-3	-1.13618E1
2.43319E-3	-1.17987E1
2.43514E-3	-1.24716E1
2.4371E-3	-1.27126E1
2.43905E-3	-1.32393E1
2.441E-3	-1.37038E1
2.44296E-3	-1.41377E1
2.44491E-3	-1.46435E1
2.44686E-3	-1.5108E1
2.44882E-3	-1.53095E1
2.45077E-3	-1.57001E1
2.45272E-3	-1.62004E1
2.45468E-3	-1.65707E1
2.45663E-3	-1.68314E1
2.45858E-3	-1.72534E1
2.46053E-3	-1.75833E1
2.46249E-3	-1.79625E1
2.46444E-3	-1.79601E1
2.46639E-3	-1.83592E1
2.46835E-3	-1.87613E1
2.4703E-3	-1.89921E1
2.47225E-3	-1.93711E1
2.47421E-3	-1.9462E1
2.47616E-3	-1.97032E1
2.47811E-3	-1.99813E1
2.48007E-3	-2.00189E1
2.48202E-3	-2.03404E1
2.48397E-3	-2.05718E1
2.48593E-3	-2.08425E1
2.48788E-3	-2.08196E1
2.48983E-3	-2.11334E1
2.49178E-3	-2.12538E1
2.49374E-3	-2.13832E1
2.49569E-3	-2.13E1
2.49764E-3	-2.1668E1
2.4996E-3	-2.16733E1
2.50155E-3	-2.18789E1
2.5035E-3	-2.21505E1
2.50546E-3	-2.21396E1
2.50741E-3	-2.21344E1
2.50936E-3	-2.23217E1
2.51132E-3	-2.26157E1
2.51327E-3	-2.25671E1
2.51522E-3	-2.25318E1
2.51718E-3	-2.25768E1
2.51913E-3	-2.25921E1
2.52108E-3	-2.28398E1
2.52303E-3	-2.28994E1
2.52499E-3	-2.27789E1
2.52694E-3	-2.29025E1
2.52889E-3	-2.28869E1
2.53085E-3	-2.28036E1
2.5328E-3	-2.27967E1
2.53475E-3	-2.27128E1
2.53671E-3	-2.27373E1
2.53866E-3	-2.27933E1
2.54061E-3	-2.28418E1
2.54257E-3	-2.26727E1
2.54452E-3	-2.24264E1
2.54647E-3	-2.24763E1
2.54843E-3	-2.24953E1
2.55038E-3	-2.22711E1
2.55233E-3	-2.21158E1
2.55428E-3	-2.21343E1
2.55624E-3	-2.21933E1
2.55819E-3	-2.20072E1
2.56014E-3	-2.19292E1
2.5621E-3	-2.20135E1
2.56405E-3	-2.17857E1
2.566E-3	-2.18978E1
2.56796E-3	-2.17616E1
2.56991E-3	-2.18092E1
2.57186E-3	-2.17597E1
2.57382E-3	-2.14839E1
2.57577E-3	-2.15543E1
2.57772E-3	-2.15535E1
2.57968E-3	-2.15457E1
2.58163E-3	-2.12289E1
2.58358E-3	-2.11923E1
2.58553E-3	-2.12733E1
2.58749E-3	-2.12995E1
2.58944E-3	-2.12661E1
2.59139E-3	-2.16642E1
2.59335E-3	-2.16592E1
2.5953E-3	-2.17981E1
2.59725E-3	-2.20939E1
2.59921E-3	-2.23447E1
2.60116E-3	-2.23304E1
2.60311E-3	-2.2289E1
2.60507E-3	-2.25119E1
2.60702E-3	-2.25717E1
2.60897E-3	-2.26173E1
2.61093E-3	-2.25815E1
2.61288E-3	-2.24419E1
2.61483E-3	-2.22333E1
2.61678E-3	-2.21111E1
2.61874E-3	-2.22341E1
2.62069E-3	-2.18942E1
2.62264E-3	-2.16525E1
2.6246E-3	-2.15099E1
2.62655E-3	-2.16378E1
2.6285E-3	-2.16287E1
2.63046E-3	-2.19037E1
2.63241E-3	-2.20443E1
2.63436E-3	-2.20169E1
2.63632E-3	-2.20606E1
2.63827E-3	-2.20582E1
2.64022E-3	-2.20903E1
2.64218E-3	-2.20931E1
2.64413E-3	-2.21262E1
2.64608E-3	-2.21056E1
2.64803E-3	-2.17877E1
2.64999E-3	-2.17697E1
2.65194E-3	-2.15174E1
2.65389E-3	-2.12261E1
2.65585E-3	-2.10637E1
2.6578E-3	-2.08587E1
2.65975E-3	-2.04285E1
2.66171E-3	-2.00125E1
2.66366E-3	-1.97169E1
2.66561E-3	-1.9206E1
2.66757E-3	-1.88194E1
2.66952E-3	-1.8318E1
2.67147E-3	-1.789E1
2.67343E-3	-1.75634E1
2.67538E-3	-1.69203E1
2.67733E-3	-1.64351E1
2.67928E-3	-1.59335E1
2.68124E-3	-1.54402E1
2.68319E-3	-1.50007E1
2.68514E-3	-1.43218E1
2.6871E-3	-1.3856E1
2.68905E-3	-1.32863E1
2.691E-3	-1.29382E1
2.69296E-3	-1.22836E1
2.69491E-3	-1.1488E1
2.69686E-3	-1.09437E1
2.69882E-3	-1.02231E1
2.70077E-3	-9.73792E0
2.70272E-3	-9.04982E0
2.70468E-3	-8.30827E0
2.70663E-3	-7.74554E0
2.70858E-3	-6.84086E0
2.71053E-3	-6.12625E0
2.71249E-3	-5.4001E0
2.71444E-3	-4.7617E0
2.71639E-3	-4.0032E0
2.71835E-3	-3.24425E0
2.7203E-3	-2.68082E0
2.72225E-3	-1.97942E0
2.72421E-3	-1.27457E0
2.72616E-3	-6.43033E-1
2.72811E-3	7.93535E-2
2.73007E-3	6.05981E-1
2.73202E-3	1.38169E0
2.73397E-3	1.97801E0
2.73593E-3	2.68608E0
2.73788E-3	3.3099E0
2.73983E-3	3.94171E0
2.74178E-3	4.69537E0
2.74374E-3	5.39458E0
2.74569E-3	6.0233E0
2.74764E-3	6.56909E0
2.7496E-3	7.01982E0
2.75155E-3	7.73506E0
2.7535E-3	8.06716E0
2.75546E-3	8.79132E0
2.75741E-3	9.30058E0
2.75936E-3	9.61811E0
2.76132E-3	1.02291E1
2.76327E-3	1.06409E1
2.76522E-3	1.08915E1
2.76718E-3	1.12681E1
2.76913E-3	1.16246E1
2.77108E-3	1.1613E1
2.77303E-3	1.15276E1
2.77499E-3	1.25335E1
2.77694E-3	1.25649E1
2.7789E-3	1.27174E1
2.78085E-3	1.30226E1
2.7828E-3	1.30771E1
2.78475E-3	1.33618E1
2.78671E-3	1.3671E1
2.78866E-3	1.37388E1
2.79061E-3	1.37896E1
2.79257E-3	1.40082E1
2.79452E-3	1.41719E1
2.79647E-3	1.4303E1
2.79843E-3	1.44033E1
2.80038E-3	1.45821E1
2.80233E-3	1.47624E1
2.80428E-3	1.47335E1
2.80624E-3	1.50705E1
2.80819E-3	1.51015E1
2.81014E-3	1.54208E1
2.8121E-3	1.54353E1
2.81405E-3	1.54169E1
2.816E-3	1.58707E1
2.81796E-3	1.58733E1
2.81991E-3	1.60466E1
2.82186E-3	1.63033E1
2.82382E-3	1.64958E1
2.82577E-3	1.64999E1
2.82772E-3	1.68023E1
2.82968E-3	1.69228E1
2.83163E-3	1.70884E1
2.83358E-3	1.73594E1
2.83554E-3	1.75398E1
2.83749E-3	1.77327E1
2.83944E-3	1.80881E1
2.8414E-3	1.8299E1
2.84335E-3	1.82852E1
2.8453E-3	1.84272E1
2.84725E-3	1.87473E1
2.84921E-3	1.86813E1
2.85116E-3	1.90892E1
2.85311E-3	1.92761E1
2.85507E-3	1.94695E1
2.85702E-3	1.98573E1
2.85897E-3	1.99895E1
2.86093E-3	2.03282E1
2.86288E-3	2.06585E1
2.86483E-3	2.10482E1
2.86678E-3	2.10705E1
2.86874E-3	2.15982E1
2.87069E-3	2.18947E1
2.87264E-3	2.20889E1
2.8746E-3	2.23695E1
2.87655E-3	2.25003E1
2.8785E-3	2.28733E1
2.88046E-3	2.29801E1
2.88241E-3	2.30668E1
2.88436E-3	2.31095E1
2.88632E-3	2.33037E1
2.88827E-3	2.33496E1
2.89022E-3	2.3258E1
2.89218E-3	2.37127E1
2.89413E-3	2.36198E1
2.89608E-3	2.37055E1
2.89803E-3	2.36722E1
2.89999E-3	2.35338E1
2.90194E-3	2.35708E1
2.90389E-3	2.3492E1
2.90585E-3	2.31479E1
2.9078E-3	2.31785E1
2.90975E-3	2.28984E1
2.91171E-3	2.26818E1
2.91366E-3	2.25925E1
2.91561E-3	2.25326E1
2.91757E-3	2.22234E1
2.91952E-3	2.22188E1
2.92147E-3	2.20834E1
2.92343E-3	2.17826E1
2.92538E-3	2.17179E1
2.92733E-3	2.1372E1
2.92928E-3	2.13426E1
2.93124E-3	2.12288E1
2.93319E-3	2.10497E1
2.93514E-3	2.07655E1
2.9371E-3	2.0687E1
2.93905E-3	2.08512E1
2.941E-3	2.0432E1
2.94296E-3	2.03809E1
2.94491E-3	2.01149E1
2.94686E-3	1.9949E1
2.94882E-3	1.99835E1
2.95077E-3	1.98143E1
2.95272E-3	1.9555E1
2.95468E-3	1.9506E1
2.95663E-3	1.9485E1
2.95858E-3	1.94697E1
2.96053E-3	1.95227E1
2.96249E-3	1.94309E1
2.96444E-3	1.94825E1
2.96639E-3	1.93927E1
2.96835E-3	1.93614E1
2.9703E-3	1.91699E1
2.97225E-3	1.89602E1
2.97421E-3	1.9191E1
2.97616E-3	1.8921E1
2.97811E-3	1.86916E1
2.98007E-3	1.88275E1
2.98202E-3	1.875E1
2.98397E-3	1.88278E1
2.98593E-3	1.85569E1
2.98788E-3	1.86188E1
2.98983E-3	1.87796E1
2.99178E-3	1.87688E1
2.99374E-3	1.89042E1
2.99569E-3	1.88172E1
2.99764E-3	1.90539E1
2.9996E-3	1.90355E1
3.00155E-3	1.90655E1
3.0035E-3	1.93587E1
3.00546E-3	1.94562E1
3.00741E-3	1.97933E1
3.00936E-3	1.95027E1
3.01132E-3	1.99648E1
3.01327E-3	2.01129E1
3.01522E-3	2.00784E1
3.01718E-3	2.02411E1
3.01913E-3	2.00828E1
3.02108E-3	2.00897E1
3.02303E-3	2.04369E1
3.02499E-3	2.03764E1
3.02694E-3	2.03573E1
3.02889E-3	2.04921E1
3.03085E-3	2.03085E1
3.0328E-3	2.02885E1
3.03475E-3	2.0319E1
3.03671E-3	2.02196E1
3.03866E-3	2.02103E1
3.04061E-3	2.01895E1
3.04257E-3	2.01587E1
3.04452E-3	2.02168E1
3.04647E-3	2.01477E1
3.04843E-3	2.00944E1
3.05038E-3	2.00954E1
3.05233E-3	2.00539E1
3.05428E-3	2.00618E1
3.05624E-3	1.99408E1
3.05819E-3	1.97909E1
3.06014E-3	1.97797E1
3.0621E-3	1.96991E1
3.06405E-3	1.97056E1
3.066E-3	1.93366E1
3.06796E-3	1.93226E1
3.06991E-3	1.94604E1
3.07186E-3	1.91719E1
3.07382E-3	1.89426E1
3.07577E-3	1.86622E1
3.07772E-3	1.86216E1
3.07968E-3	1.83261E1
3.08163E-3	1.80938E1
3.08358E-3	1.79506E1
3.08553E-3	1.75981E1
3.08749E-3	1.73406E1
3.08944E-3	1.71274E1
3.09139E-3	1.68327E1
3.09335E-3	1.65954E1
3.0953E-3	1.63739E1
3.09725E-3	1.59502E1
3.09921E-3	1.58124E1
3.10116E-3	1.53916E1
3.10311E-3	1.51865E1
3.10507E-3	1.48296E1
3.10702E-3	1.44245E1
3.10897E-3	1.43139E1
3.11093E-3	1.38904E1
3.11288E-3	1.3846E1
3.11483E-3	1.3702E1
3.11678E-3	1.33039E1
3.11874E-3	1.31408E1
3.12069E-3	1.29203E1
3.12264E-3	1.26667E1
3.1246E-3	1.26162E1
3.12655E-3	1.23955E1
3.1285E-3	1.24479E1
3.13046E-3	1.2291E1
3.13241E-3	1.24117E1
3.13436E-3	1.20365E1
3.13632E-3	1.20577E1
3.13827E-3	1.21274E1
3.14022E-3	1.21151E1
3.14218E-3	1.18478E1
3.14413E-3	1.16283E1
3.14608E-3	1.16564E1
3.14803E-3	1.16175E1
3.14999E-3	1.16714E1
3.15194E-3	1.16008E1
3.15389E-3	1.13361E1
3.15585E-3	1.10908E1
3.1578E-3	1.11817E1
3.15975E-3	1.08418E1
3.16171E-3	1.06991E1
3.16366E-3	1.05167E1
3.16561E-3	1.02878E1
3.16757E-3	1.02776E1
3.16952E-3	1.01625E1
3.17147E-3	9.80329E0
3.17343E-3	9.70906E0
3.17538E-3	9.3997E0
3.17733E-3	9.36533E0
3.17928E-3	9.0914E0
3.18124E-3	8.90227E0
3.18319E-3	8.68646E0
3.18514E-3	8.53116E0
3.1871E-3	8.42298E0
3.18905E-3	8.35778E0
3.191E-3	7.99755E0
3.19296E-3	8.19668E0
3.19491E-3	6.6568E0
3.19686E-3	7.12434E0
3.19882E-3	7.63948E0
3.20077E-3	6.9843E0
3.20272E-3	7.17478E0
3.20468E-3	6.68162E0
3.20663E-3	6.68783E0
3.20858E-3	6.43841E0
3.21053E-3	6.32635E0
3.21249E-3	6.1534E0
3.21444E-3	5.87287E0
3.2164E-3	5.7216E0
3.21835E-3	5.55303E0
3.2203E-3	5.28468E0
3.22225E-3	5.00665E0
3.22421E-3	4.79288E0
3.22616E-3	4.64016E0
3.22811E-3	4.14935E0
3.23007E-3	4.08964E0
3.23202E-3	3.96271E0
3.23397E-3	3.65175E0
3.23593E-3	3.40054E0
3.23788E-3	3.14379E0
3.23983E-3	2.8348E0
3.24178E-3	2.763E0
3.24374E-3	2.73154E0
3.24569E-3	2.50091E0
3.24764E-3	2.19403E0
3.2496E-3	2.10638E0
3.25155E-3	2.31139E0
3.2535E-3	1.95559E0
3.25546E-3	1.76306E0
3.25741E-3	1.85041E0
3.25936E-3	1.74943E0
3.26132E-3	1.41591E0
3.26327E-3	1.34583E0
3.26522E-3	1.34051E0
3.26718E-3	1.3132E0
3.26913E-3	1.28681E0
3.27108E-3	1.27985E0
3.27303E-3	1.22419E0
3.27499E-3	1.3118E0
3.27694E-3	1.60164E0
3.27889E-3	1.57453E0
3.28085E-3	1.48055E0
3.2828E-3	1.5067E0
3.28475E-3	1.5109E0
3.28671E-3	1.7662E0
3.28866E-3	1.90422E0
3.29061E-3	1.74986E0
3.29257E-3	1.84116E0
3.29452E-3	2.0751E0
3.29647E-3	1.95345E0
3.29843E-3	2.04932E0
3.30038E-3	2.23491E0
3.30233E-3	2.26772E0
3.30428E-3	2.0604E0
3.30624E-3	2.26881E0
3.30819E-3	2.43018E0
3.31014E-3	2.37326E0
3.3121E-3	2.37443E0
3.31405E-3	2.32684E0
3.316E-3	2.39268E0
3.31796E-3	2.3142E0
3.31991E-3	2.26552E0
3.32186E-3	2.25674E0
3.32382E-3	2.22418E0
3.32577E-3	2.21079E0
3.32772E-3	2.17708E0
3.32968E-3	2.17563E0
3.33163E-3	1.95059E0
3.33358E-3	1.73577E0
3.33553E-3	1.79814E0
3.33749E-3	1.79692E0
3.33944E-3	1.72223E0
3.34139E-3	1.73789E0
3.34335E-3	1.56662E0
3.3453E-3	1.33693E0
3.34725E-3	1.58016E0
3.34921E-3	1.4013E0
3.35116E-3	1.27836E0
3.35311E-3	1.09002E0
3.35507E-3	1.10096E0
3.35702E-3	9.47382E-1
3.35897E-3	9.76923E-1
3.36093E-3	1.03973E0
3.36288E-3	9.7069E-1
3.36483E-3	8.99518E-1
3.36678E-3	9.13753E-1
3.36874E-3	5.5464E-1
3.37069E-3	4.48665E-1
3.37264E-3	4.98722E-1
3.3746E-3	4.81886E-1
3.37655E-3	3.04224E-1
3.3785E-3	-2.1988E-2
3.38046E-3	5.49477E-2
3.38241E-3	-1.2218E-1
3.38436E-3	-4.02533E-1
3.38632E-3	-3.73984E-1
3.38827E-3	-6.6538E-1
3.39022E-3	-6.74121E-1
3.39218E-3	-9.37663E-1
3.39413E-3	-9.74999E-1
3.39608E-3	-1.38783E0
3.39803E-3	-1.38801E0
3.39999E-3	-1.45318E0
3.40194E-3	-1.84506E0
3.40389E-3	-1.79353E0
3.40585E-3	-2.10792E0
3.4078E-3	-2.12243E0
3.40975E-3	-2.29893E0
3.41171E-3	-2.66074E0
3.41366E-3	-2.64774E0
3.41561E-3	-2.8845E0
3.41757E-3	-2.91407E0
3.41952E-3	-3.17624E0
3.42147E-3	-3.19447E0
3.42343E-3	-3.55465E0
3.42538E-3	-3.63357E0
3.42733E-3	-3.82532E0
3.42928E-3	-4.10222E0
3.43124E-3	-4.17297E0
3.43319E-3	-4.54292E0
3.43514E-3	-4.58982E0
3.4371E-3	-4.90079E0
3.43905E-3	-4.99182E0
3.441E-3	-5.00039E0
3.44296E-3	-5.31595E0
3.44491E-3	-5.70426E0
3.44686E-3	-5.8414E0
3.44882E-3	-6.01846E0
3.45077E-3	-6.38048E0
3.45272E-3	-6.473E0
3.45468E-3	-6.85784E0
3.45663E-3	-7.09764E0
3.45858E-3	-7.27501E0
3.46053E-3	-7.55692E0
3.46249E-3	-7.76454E0
3.46444E-3	-8.03773E0
3.46639E-3	-8.14009E0
3.46835E-3	-8.46237E0
3.4703E-3	-8.57925E0
3.47225E-3	-8.82007E0
3.47421E-3	-9.17445E0
3.47616E-3	-9.33714E0
3.47811E-3	-9.55726E0
3.48007E-3	-9.89633E0
3.48202E-3	-1.00406E1
3.48397E-3	-1.01836E1
3.48593E-3	-1.04788E1
3.48788E-3	-1.06099E1
3.48983E-3	-1.06634E1
3.49178E-3	-1.10934E1
3.49374E-3	-1.1363E1
3.49569E-3	-1.1469E1
3.49764E-3	-1.16245E1
3.4996E-3	-1.17499E1
3.50155E-3	-1.19729E1
3.5035E-3	-1.21826E1
3.50546E-3	-1.22689E1
3.50741E-3	-1.24572E1
3.50936E-3	-1.26744E1
3.51132E-3	-1.29408E1
3.51327E-3	-1.28607E1
3.51522E-3	-1.3266E1
3.51718E-3	-1.33262E1
3.51913E-3	-1.352E1
3.52108E-3	-1.3721E1
3.52303E-3	-1.36231E1
3.52499E-3	-1.40578E1
3.52694E-3	-1.40841E1
3.52889E-3	-1.40979E1
3.53085E-3	-1.44684E1
3.5328E-3	-1.4244E1
3.53475E-3	-1.45158E1
3.53671E-3	-1.47793E1
3.53866E-3	-1.47576E1
3.54061E-3	-1.49928E1
3.54257E-3	-1.52044E1
3.54452E-3	-1.52096E1
3.54647E-3	-1.54215E1
3.54843E-3	-1.57119E1
3.55038E-3	-1.5686E1
3.55233E-3	-1.57437E1
3.55428E-3	-1.59695E1
3.55624E-3	-1.60347E1
3.55819E-3	-1.59276E1
3.56014E-3	-1.62746E1
3.5621E-3	-1.62693E1
3.56405E-3	-1.62628E1
3.566E-3	-1.62621E1
3.56796E-3	-1.6461E1
3.56991E-3	-1.67602E1
3.57186E-3	-1.67311E1
3.57382E-3	-1.67828E1
3.57577E-3	-1.67913E1
3.57772E-3	-1.6824E1
3.57968E-3	-1.68437E1
3.58163E-3	-1.687E1
3.58358E-3	-1.68929E1
3.58553E-3	-1.69182E1
3.58749E-3	-1.69407E1
3.58944E-3	-1.69673E1
3.59139E-3	-1.69878E1
3.59335E-3	-1.70172E1
3.5953E-3	-1.70341E1
3.59725E-3	-1.707E1
3.59921E-3	-1.70598E1
3.60116E-3	-1.67474E1
3.60311E-3	-1.67373E1
3.60507E-3	-1.67732E1
3.60702E-3	-1.67901E1
3.60897E-3	-1.68196E1
3.61093E-3	-1.68402E1
3.61288E-3	-1.6867E1
3.61483E-3	-1.68897E1
3.61678E-3	-1.69149E1
3.61874E-3	-1.69388E1
3.62069E-3	-1.69634E1
3.62264E-3	-1.69874E1
3.6246E-3	-1.70125E1
3.62655E-3	-1.70352E1
3.6285E-3	-1.70627E1
3.63046E-3	-1.70818E1
3.63241E-3	-1.71153E1
3.63436E-3	-1.71221E1
3.63632E-3	-1.72316E1
3.63827E-3	-1.72785E1
3.64022E-3	-1.72002E1
3.64218E-3	-1.72353E1
3.64413E-3	-1.72541E1
3.64608E-3	-1.72816E1
3.64803E-3	-1.73046E1
3.64999E-3	-1.73295E1
3.65194E-3	-1.73544E1
3.65389E-3	-1.73776E1
3.65585E-3	-1.74046E1
3.6578E-3	-1.74247E1
3.65975E-3	-1.74572E1
3.66171E-3	-1.74661E1
3.66366E-3	-1.75488E1
3.66561E-3	-1.76162E1
3.66757E-3	-1.75877E1
3.66952E-3	-1.75459E1
3.67147E-3	-1.76881E1
3.67343E-3	-1.80247E1
3.67538E-3	-1.80357E1
3.67733E-3	-1.80627E1
3.67928E-3	-1.80956E1
3.68124E-3	-1.80984E1
3.68319E-3	-1.84487E1
3.68514E-3	-1.85663E1
3.6871E-3	-1.85836E1
3.68905E-3	-1.85742E1
3.691E-3	-1.88641E1
3.69296E-3	-1.89823E1
3.69491E-3	-1.89727E1
3.69686E-3	-1.9001E1
3.69882E-3	-1.89824E1
3.70077E-3	-1.92305E1
3.70272E-3	-1.92962E1
3.70468E-3	-1.93588E1
3.70663E-3	-1.94809E1
3.70858E-3	-1.95961E1
3.71053E-3	-1.97168E1
3.71249E-3	-1.97873E1
3.71444E-3	-1.97549E1
3.71639E-3	-1.99147E1
3.71835E-3	-1.98011E1
3.7203E-3	-1.98119E1
3.72225E-3	-2.00214E1
3.72421E-3	-2.02618E1
3.72616E-3	-2.02254E1
3.72811E-3	-2.02808E1
3.73007E-3	-2.02911E1
3.73202E-3	-2.03195E1
3.73397E-3	-2.03508E1
3.73593E-3	-2.03566E1
3.73788E-3	-2.04348E1
3.73983E-3	-2.04767E1
3.74178E-3	-2.04322E1
3.74374E-3	-2.0473E1
3.74569E-3	-2.04976E1
3.74764E-3	-2.05108E1
3.7496E-3	-2.05631E1
3.75155E-3	-2.05192E1
3.7535E-3	-2.03175E1
3.75546E-3	-2.03705E1
3.75741E-3	-2.02812E1
3.75936E-3	-2.0253E1
3.76132E-3	-2.03841E1
3.76327E-3	-2.04363E1
3.76522E-3	-2.03348E1
3.76718E-3	-2.02327E1
3.76913E-3	-2.02741E1
3.77108E-3	-2.01629E1
3.77303E-3	-2.01163E1
3.77499E-3	-2.02756E1
3.77694E-3	-2.00659E1
3.7789E-3	-2.00975E1
3.78085E-3	-2.01521E1
3.7828E-3	-1.99893E1
3.78475E-3	-1.98033E1
3.78671E-3	-1.98679E1
3.78866E-3	-1.98468E1
3.79061E-3	-1.99625E1
3.79257E-3	-1.98971E1
3.79452E-3	-1.95325E1
3.79647E-3	-1.95965E1
3.79843E-3	-1.96073E1
3.80038E-3	-1.93452E1
3.80233E-3	-1.92226E1
3.80428E-3	-1.94134E1
3.80624E-3	-1.93988E1
3.80819E-3	-1.90555E1
3.81014E-3	-1.91848E1
3.8121E-3	-1.90657E1
3.81405E-3	-1.89519E1
3.816E-3	-1.90451E1
3.81796E-3	-1.89513E1
3.81991E-3	-1.86517E1
3.82186E-3	-1.87239E1
3.82382E-3	-1.8691E1
3.82577E-3	-1.839E1
3.82772E-3	-1.84204E1
3.82968E-3	-1.84776E1
3.83163E-3	-1.83776E1
3.83358E-3	-1.81419E1
3.83554E-3	-1.8196E1
3.83749E-3	-1.81534E1
3.83944E-3	-1.8168E1
3.84139E-3	-1.78464E1
3.84335E-3	-1.81085E1
3.8453E-3	-1.79806E1
3.84725E-3	-1.81755E1
3.84921E-3	-1.80745E1
3.85116E-3	-1.80557E1
3.85311E-3	-1.80256E1
3.85507E-3	-1.81659E1
3.85702E-3	-1.83536E1
3.85897E-3	-1.81915E1
3.86093E-3	-1.82734E1
3.86288E-3	-1.84323E1
3.86483E-3	-1.84799E1
3.86678E-3	-1.82233E1
3.86874E-3	-1.82488E1
3.87069E-3	-1.84029E1
3.87264E-3	-1.85079E1
3.8746E-3	-1.84465E1
3.87655E-3	-1.84421E1
3.8785E-3	-1.83334E1
3.88046E-3	-1.86053E1
3.88241E-3	-1.87692E1
3.88436E-3	-1.87604E1
3.88632E-3	-1.88124E1
3.88827E-3	-1.88073E1
3.89022E-3	-1.88925E1
3.89218E-3	-1.89326E1
3.89413E-3	-1.88879E1
3.89608E-3	-1.89334E1
3.89803E-3	-1.89509E1
3.89999E-3	-1.89775E1
3.90194E-3	-1.9009E1
3.90389E-3	-1.9096E1
3.90585E-3	-1.91301E1
3.9078E-3	-1.90956E1
3.90975E-3	-1.91062E1
3.91171E-3	-1.91241E1
3.91366E-3	-1.94608E1
3.91561E-3	-1.95992E1
3.91757E-3	-1.95862E1
3.91952E-3	-1.96358E1
3.92147E-3	-1.9643E1
3.92343E-3	-1.96863E1
3.92538E-3	-1.96914E1
3.92733E-3	-1.97463E1
3.92928E-3	-1.9721E1
3.93124E-3	-1.99369E1
3.93319E-3	-2.02297E1
3.93514E-3	-2.02041E1
3.9371E-3	-2.02623E1
3.93905E-3	-2.0259E1
3.941E-3	-2.03202E1
3.94296E-3	-2.02881E1
3.94491E-3	-2.0592E1
3.94686E-3	-2.07123E1
3.94882E-3	-2.07166E1
3.95077E-3	-2.07791E1
3.95272E-3	-2.06141E1
3.95468E-3	-2.095E1
3.95663E-3	-2.10393E1
3.95858E-3	-2.10181E1
3.96053E-3	-2.09864E1
3.96249E-3	-2.11832E1
3.96444E-3	-2.14397E1
3.96639E-3	-2.14654E1
3.96835E-3	-2.14874E1
3.9703E-3	-2.15638E1
3.97225E-3	-2.19429E1
3.97421E-3	-2.1952E1
3.97616E-3	-2.19189E1
3.97811E-3	-2.1991E1
3.98007E-3	-2.23592E1
3.98202E-3	-2.23897E1
3.98397E-3	-2.25673E1
3.98593E-3	-2.27711E1
3.98788E-3	-2.27944E1
3.98983E-3	-2.3011E1
3.99178E-3	-2.29956E1
3.99374E-3	-2.3164E1
3.99569E-3	-2.3413E1
3.99764E-3	-2.33939E1
3.9996E-3	-2.37139E1
4.00155E-3	-2.38315E1
4.0035E-3	-2.39338E1
4.00546E-3	-2.43093E1
4.00741E-3	-2.42705E1
4.00936E-3	-2.4425E1
4.01132E-3	-2.47496E1
4.01327E-3	-2.46712E1
4.01522E-3	-2.50201E1
4.01718E-3	-2.4923E1
4.01913E-3	-2.53532E1
4.02108E-3	-2.5415E1
4.02303E-3	-2.56078E1
4.02499E-3	-2.57835E1
4.02694E-3	-2.58725E1
4.02889E-3	-2.61836E1
4.03085E-3	-2.6235E1
4.0328E-3	-2.66335E1
4.03475E-3	-2.65904E1
4.03671E-3	-2.69724E1
4.03866E-3	-2.70636E1
4.04061E-3	-2.71863E1
4.04257E-3	-2.72299E1
4.04452E-3	-2.74747E1
4.04647E-3	-2.76446E1
4.04843E-3	-2.7658E1
4.05038E-3	-2.80506E1
4.05233E-3	-2.79604E1
4.05428E-3	-2.82694E1
4.05624E-3	-2.83404E1
4.05819E-3	-2.85973E1
4.06014E-3	-2.88723E1
4.0621E-3	-2.87195E1
4.06405E-3	-2.92078E1
4.066E-3	-2.90868E1
4.06796E-3	-2.93591E1
4.06991E-3	-2.94481E1
4.07186E-3	-2.94748E1
4.07382E-3	-2.98726E1
4.07577E-3	-2.98848E1
4.07772E-3	-3.00214E1
4.07968E-3	-3.03556E1
4.08163E-3	-3.03825E1
4.08358E-3	-3.03774E1
4.08553E-3	-3.06501E1
4.08749E-3	-3.0792E1
4.08944E-3	-3.08284E1
4.09139E-3	-3.1038E1
4.09335E-3	-3.09045E1
4.0953E-3	-3.09949E1
4.09725E-3	-3.13386E1
4.09921E-3	-3.14723E1
4.10116E-3	-3.149E1
4.10311E-3	-3.14378E1
4.10507E-3	-3.1531E1
4.10702E-3	-3.16815E1
4.10897E-3	-3.19626E1
4.11093E-3	-3.20628E1
4.11288E-3	-3.19561E1
4.11483E-3	-3.19935E1
4.11678E-3	-3.20876E1
4.11874E-3	-3.20696E1
4.12069E-3	-3.20636E1
4.12264E-3	-3.21062E1
4.1246E-3	-3.21225E1
4.12655E-3	-3.21554E1
4.1285E-3	-3.21777E1
4.13046E-3	-3.22058E1
4.13241E-3	-3.22333E1
4.13436E-3	-3.22538E1
4.13632E-3	-3.22942E1
4.13827E-3	-3.20128E1
4.14022E-3	-3.20701E1
4.14218E-3	-3.20683E1
4.14413E-3	-3.21845E1
4.14608E-3	-3.20917E1
4.14803E-3	-3.20088E1
4.14999E-3	-3.21967E1
4.15194E-3	-3.21864E1
4.1539E-3	-3.1811E1
4.15585E-3	-3.19896E1
4.1578E-3	-3.18895E1
4.15975E-3	-3.17906E1
4.16171E-3	-3.20901E1
4.16366E-3	-3.1918E1
4.16561E-3	-3.17852E1
4.16757E-3	-3.18437E1
4.16952E-3	-3.17618E1
4.17147E-3	-3.16934E1
4.17343E-3	-3.1439E1
4.17538E-3	-3.16937E1
4.17733E-3	-3.14336E1
4.17929E-3	-3.12542E1
4.18124E-3	-3.13884E1
4.18319E-3	-3.10933E1
4.18515E-3	-3.10021E1
4.1871E-3	-3.09228E1
4.18905E-3	-3.06936E1
4.191E-3	-3.09042E1
4.19296E-3	-3.05768E1
4.19491E-3	-3.06152E1
4.19686E-3	-3.0348E1
4.19882E-3	-3.04353E1
4.20077E-3	-3.02602E1
4.20272E-3	-3.00399E1
4.20468E-3	-3.00375E1
4.20663E-3	-2.97687E1
4.20858E-3	-2.97555E1
4.21054E-3	-2.94795E1
4.21249E-3	-2.93688E1
4.21444E-3	-2.94856E1
4.21639E-3	-2.93475E1
4.21835E-3	-2.91368E1
4.2203E-3	-2.89541E1
4.22225E-3	-2.87633E1
4.22421E-3	-2.86998E1
4.22616E-3	-2.84408E1
4.22811E-3	-2.83117E1
4.23007E-3	-2.82132E1
4.23202E-3	-2.81977E1
4.23397E-3	-2.79418E1
4.23593E-3	-2.78E1
4.23788E-3	-2.7677E1
4.23983E-3	-2.75141E1
4.24178E-3	-2.74242E1
4.24374E-3	-2.7126E1
4.24569E-3	-2.71449E1
4.24765E-3	-2.69354E1
4.2496E-3	-2.68518E1
4.25155E-3	-2.66909E1
4.2535E-3	-2.6577E1
4.25546E-3	-2.64685E1
4.25741E-3	-2.61892E1
4.25936E-3	-2.6169E1
4.26132E-3	-2.60721E1
4.26327E-3	-2.58191E1
4.26522E-3	-2.56161E1
4.26718E-3	-2.5402E1
4.26913E-3	-2.52776E1
4.27108E-3	-2.50612E1
4.27304E-3	-2.49083E1
4.27499E-3	-2.48449E1
4.27694E-3	-2.45801E1
4.27889E-3	-2.44079E1
4.28085E-3	-2.41212E1
4.2828E-3	-2.39084E1
4.28475E-3	-2.38092E1
4.28671E-3	-2.33409E1
4.28866E-3	-2.32888E1
4.29061E-3	-2.30576E1
4.29257E-3	-2.2722E1
4.29452E-3	-2.25873E1
4.29647E-3	-2.22332E1
4.29843E-3	-2.21032E1
4.30038E-3	-2.18369E1
4.30233E-3	-2.16454E1
4.30428E-3	-2.1563E1
4.30624E-3	-2.10504E1
4.30819E-3	-2.10309E1
4.31015E-3	-2.07865E1
4.3121E-3	-2.06448E1
4.31405E-3	-2.05043E1
4.316E-3	-2.00852E1
4.31796E-3	-1.99085E1
4.31991E-3	-1.99216E1
4.32186E-3	-1.95217E1
4.32382E-3	-1.92719E1
4.32577E-3	-1.91972E1
4.32772E-3	-1.8951E1
4.32968E-3	-1.87666E1
4.33163E-3	-1.85855E1
4.33358E-3	-1.82447E1
4.33554E-3	-1.82036E1
4.33749E-3	-1.80193E1
4.33944E-3	-1.76357E1
4.3414E-3	-1.75964E1
4.34335E-3	-1.74199E1
4.3453E-3	-1.72332E1
4.34725E-3	-1.7219E1
4.34921E-3	-1.69248E1
4.35116E-3	-1.66757E1
4.35311E-3	-1.65096E1
