temps	chemin
-4.02E-7	-2.83483E-2
1.551E-6	-1.46504E-2
3.504E-6	2.46588E-1
5.457E-6	3.07437E-1
7.41E-6	3.22507E-1
9.363E-6	2.95067E-1
1.1316E-5	1.42518E-1
1.3269E-5	1.76249E-1
1.5223E-5	3.66311E-1
1.7176E-5	3.18463E-1
1.9129E-5	3.31486E-1
2.1082E-5	4.98309E-1
2.3035E-5	2.83413E-1
2.4988E-5	3.49077E-1
2.6941E-5	4.75381E-1
2.8894E-5	2.95845E-1
3.0848E-5	4.1304E-1
3.2801E-5	3.71205E-1
3.4754E-5	5.00301E-1
3.6707E-5	5.66827E-1
3.866E-5	5.36033E-1
4.0613E-5	5.05679E-1
4.2566E-5	5.08765E-1
4.4519E-5	4.31772E-1
4.6472E-5	5.23499E-1
4.8426E-5	7.08186E-1
5.0379E-5	6.10753E-1
5.2332E-5	4.9974E-1
5.4285E-5	5.48277E-1
5.6238E-5	5.39274E-1
5.8191E-5	6.25702E-1
6.0144E-5	6.13829E-1
6.2097E-5	5.80406E-1
6.4051E-5	8.79684E-1
6.6004E-5	9.71501E-1
6.7957E-5	8.41358E-1
6.991E-5	1.1674E0
7.1863E-5	9.25652E-1
7.3816E-5	9.16519E-1
7.577E-5	1.03316E0
7.7723E-5	9.78453E-1
7.9676E-5	1.0686E0
8.1629E-5	9.66496E-1
8.3582E-5	9.59632E-1
8.5535E-5	1.00563E0
8.7488E-5	1.06363E0
8.9441E-5	1.00683E0
9.1394E-5	1.0147E0
9.3348E-5	1.06925E0
9.5301E-5	1.13164E0
9.7254E-5	1.1373E0
9.9207E-5	1.11533E0
1.0116E-4	1.15381E0
1.03113E-4	1.11883E0
1.05066E-4	1.16087E0
1.07019E-4	1.33862E0
1.08973E-4	1.11772E0
1.10926E-4	1.15426E0
1.12879E-4	1.46408E0
1.14832E-4	1.59533E0
1.16785E-4	1.56897E0
1.18738E-4	1.60157E0
1.20691E-4	1.60482E0
1.22644E-4	1.61932E0
1.24598E-4	1.63768E0
1.26551E-4	1.63302E0
1.28504E-4	1.71253E0
1.30457E-4	1.71547E0
1.3241E-4	1.66012E0
1.34363E-4	1.72299E0
1.36316E-4	1.77421E0
1.38269E-4	1.71437E0
1.40223E-4	1.73271E0
1.42176E-4	1.75175E0
1.44129E-4	1.71203E0
1.46082E-4	1.70723E0
1.48035E-4	1.88176E0
1.49988E-4	2.18972E0
1.51941E-4	2.1952E0
1.53894E-4	2.21011E0
1.55848E-4	2.22164E0
1.57801E-4	2.23336E0
1.59754E-4	2.24647E0
1.61707E-4	2.25689E0
1.6366E-4	2.27154E0
1.65613E-4	2.27924E0
1.67566E-4	2.29844E0
1.69519E-4	2.29793E0
1.71472E-4	2.33333E0
1.73426E-4	2.27091E0
1.75379E-4	2.30238E0
1.77332E-4	2.36682E0
1.79285E-4	2.35779E0
1.81238E-4	2.38104E0
1.83191E-4	2.38579E0
1.85145E-4	2.4022E0
1.87097E-4	2.3316E0
1.89051E-4	2.42676E0
1.91004E-4	2.42746E0
1.92957E-4	2.49178E0
1.9491E-4	2.80298E0
1.96863E-4	2.87007E0
1.98816E-4	2.86489E0
2.0077E-4	2.89061E0
2.02723E-4	2.88537E0
2.04676E-4	2.91915E0
2.06629E-4	2.8927E0
2.08582E-4	2.86445E0
2.10535E-4	2.9344E0
2.12488E-4	2.78992E0
2.14441E-4	2.99004E0
2.16394E-4	2.90967E0
2.18348E-4	2.94844E0
2.20301E-4	3.00786E0
2.22254E-4	2.92297E0
2.24207E-4	3.02061E0
2.2616E-4	3.02898E0
2.28113E-4	3.03786E0
2.30066E-4	3.05573E0
2.32019E-4	3.05402E0
2.33973E-4	3.08623E0
2.35926E-4	3.05635E0
2.37879E-4	3.03882E0
2.39832E-4	3.05663E0
2.41785E-4	3.07367E0
2.43738E-4	3.14056E0
2.45691E-4	3.13372E0
2.47644E-4	3.14457E0
2.49598E-4	3.17368E0
2.51551E-4	3.10838E0
2.53504E-4	3.15022E0
2.55457E-4	3.13355E0
2.5741E-4	3.17416E0
2.59363E-4	3.22498E0
2.61316E-4	3.21437E0
2.63269E-4	3.23731E0
2.65222E-4	3.24062E0
2.67176E-4	3.25411E0
2.69129E-4	3.26443E0
2.71082E-4	3.27207E0
2.73035E-4	3.28757E0
2.74988E-4	3.2897E0
2.76941E-4	3.31238E0
2.78894E-4	3.29764E0
2.80848E-4	3.17161E0
2.82801E-4	3.35293E0
2.84754E-4	3.31433E0
2.86707E-4	3.22386E0
2.8866E-4	3.36563E0
2.90613E-4	3.36888E0
2.92567E-4	3.39586E0
2.94519E-4	3.37716E0
2.96472E-4	3.52872E0
2.98425E-4	3.73059E0
3.00379E-4	3.52726E0
3.02332E-4	3.63276E0
3.04285E-4	3.58844E0
3.06238E-4	3.77645E0
3.08191E-4	3.61617E0
3.10144E-4	3.74417E0
3.12098E-4	3.71129E0
3.14051E-4	3.6533E0
3.16004E-4	3.77288E0
3.17957E-4	3.76401E0
3.1991E-4	3.78962E0
3.21863E-4	3.78123E0
3.23816E-4	3.73818E0
3.2577E-4	3.79595E0
3.27723E-4	3.80465E0
3.29676E-4	3.87101E0
3.31629E-4	4.0079E0
3.33582E-4	3.84789E0
3.35535E-4	3.88336E0
3.37488E-4	3.73225E0
3.39441E-4	3.86333E0
3.41394E-4	3.96165E0
3.43347E-4	3.88774E0
3.45301E-4	3.91254E0
3.47254E-4	4.04729E0
3.49207E-4	3.83049E0
3.5116E-4	3.95956E0
3.53113E-4	3.86951E0
3.55066E-4	4.09873E0
3.5702E-4	4.29438E0
3.58973E-4	4.19905E0
3.60926E-4	4.3722E0
3.62879E-4	4.24397E0
3.64832E-4	4.11987E0
3.66785E-4	4.1866E0
3.68738E-4	4.19986E0
3.70691E-4	4.31425E0
3.72644E-4	4.18132E0
3.74597E-4	4.23166E0
3.76551E-4	4.27207E0
3.78504E-4	4.1755E0
3.80457E-4	4.3888E0
3.8241E-4	4.23503E0
3.84363E-4	4.2185E0
3.86316E-4	4.28566E0
3.88269E-4	4.25115E0
3.90223E-4	4.37243E0
3.92176E-4	4.47769E0
3.94129E-4	4.53517E0
3.96082E-4	4.58671E0
3.98035E-4	4.51821E0
3.99988E-4	4.3947E0
4.01942E-4	4.28539E0
4.03894E-4	4.29623E0
4.05847E-4	4.27732E0
4.07801E-4	4.41196E0
4.09754E-4	4.39736E0
4.11707E-4	4.28518E0
4.1366E-4	4.39519E0
4.15613E-4	4.37767E0
4.17566E-4	4.39979E0
4.19519E-4	4.58547E0
4.21473E-4	4.7725E0
4.23426E-4	4.7447E0
4.25379E-4	4.78197E0
4.27332E-4	4.7531E0
4.29285E-4	4.83374E0
4.31238E-4	4.98766E0
4.33191E-4	4.79642E0
4.35145E-4	4.79979E0
4.37098E-4	4.83098E0
4.39051E-4	4.89063E0
4.41004E-4	4.81999E0
4.42957E-4	4.83455E0
4.4491E-4	4.84805E0
4.46863E-4	4.83652E0
4.48816E-4	4.89615E0
4.50769E-4	4.92265E0
4.52723E-4	4.85643E0
4.54676E-4	4.88608E0
4.56629E-4	4.88234E0
4.58582E-4	4.89476E0
4.60535E-4	4.90012E0
4.62488E-4	4.90674E0
4.64441E-4	4.9156E0
4.66395E-4	4.99842E0
4.68348E-4	4.92946E0
4.70301E-4	4.93524E0
4.72254E-4	4.9412E0
4.74207E-4	4.9532E0
4.7616E-4	4.94575E0
4.78113E-4	5.03571E0
4.80066E-4	4.98644E0
4.82019E-4	4.9732E0
4.83972E-4	4.97714E0
4.85926E-4	5.05947E0
4.87879E-4	5.01686E0
4.89832E-4	4.99442E0
4.91785E-4	5.09327E0
4.93738E-4	5.01284E0
4.95691E-4	5.02598E0
4.97645E-4	5.02615E0
4.99598E-4	5.04106E0
5.01551E-4	5.02374E0
5.03504E-4	4.78067E0
5.05457E-4	4.70751E0
5.0741E-4	4.74197E0
5.09363E-4	4.772E0
5.11316E-4	4.75465E0
5.13269E-4	4.74454E0
5.15222E-4	4.84693E0
5.17176E-4	4.83894E0
5.19129E-4	4.87431E0
5.21082E-4	4.84935E0
5.23035E-4	4.85239E0
5.24988E-4	4.94824E0
5.26941E-4	4.76181E0
5.28894E-4	4.91651E0
5.30848E-4	4.81804E0
5.32801E-4	4.92211E0
5.34754E-4	4.90839E0
5.36707E-4	4.89691E0
5.3866E-4	4.90596E0
5.40613E-4	4.8067E0
5.42567E-4	4.90245E0
5.4452E-4	4.7771E0
5.46473E-4	5.01227E0
5.48426E-4	4.96733E0
5.50379E-4	4.88343E0
5.52332E-4	4.70825E0
5.54285E-4	4.63023E0
5.56238E-4	4.57151E0
5.58191E-4	4.71571E0
5.60144E-4	4.7733E0
5.62098E-4	4.61042E0
5.64051E-4	4.5579E0
5.66004E-4	4.69276E0
5.67957E-4	4.78966E0
5.6991E-4	4.67493E0
5.71863E-4	4.65294E0
5.73816E-4	4.6547E0
5.7577E-4	4.79594E0
5.77723E-4	4.84559E0
5.79676E-4	4.86397E0
5.81629E-4	4.80933E0
5.83582E-4	4.88042E0
5.85535E-4	4.69112E0
5.87488E-4	4.42053E0
5.89441E-4	4.53397E0
5.91394E-4	4.50991E0
5.93347E-4	4.53298E0
5.95301E-4	4.52135E0
5.97254E-4	4.54802E0
5.99207E-4	4.48838E0
6.0116E-4	4.43751E0
6.03113E-4	4.53561E0
6.05066E-4	4.57015E0
6.0702E-4	4.49775E0
6.08973E-4	4.52623E0
6.10926E-4	4.57585E0
6.12879E-4	4.57255E0
6.14832E-4	4.5655E0
6.16785E-4	4.60869E0
6.18738E-4	4.35401E0
6.20691E-4	4.16237E0
6.22644E-4	4.22324E0
6.24597E-4	4.19184E0
6.26551E-4	4.22628E0
6.28504E-4	4.19198E0
6.30457E-4	4.1517E0
6.3241E-4	4.23033E0
6.34363E-4	4.22889E0
6.36316E-4	4.22584E0
6.38269E-4	4.2504E0
6.40223E-4	4.19896E0
6.42176E-4	4.18946E0
6.44129E-4	4.25711E0
6.46082E-4	4.25541E0
6.48035E-4	4.2362E0
6.49988E-4	4.1942E0
6.51942E-4	4.25949E0
6.53895E-4	4.29499E0
6.55848E-4	4.03733E0
6.578E-4	3.85502E0
6.59754E-4	3.89277E0
6.61707E-4	4.0134E0
6.6366E-4	3.94659E0
6.65613E-4	3.8719E0
6.67566E-4	3.92659E0
6.69519E-4	3.86044E0
6.71473E-4	3.85267E0
6.73426E-4	3.92919E0
6.75379E-4	3.90287E0
6.77332E-4	3.93423E0
6.79285E-4	3.89852E0
6.81238E-4	4.02269E0
6.83191E-4	4.0117E0
6.85145E-4	3.92558E0
6.87098E-4	4.00361E0
6.89051E-4	3.97029E0
6.91004E-4	3.70232E0
6.92957E-4	3.54822E0
6.9491E-4	3.65683E0
6.96863E-4	3.60016E0
6.98816E-4	3.74031E0
7.00769E-4	3.62202E0
7.02722E-4	3.65112E0
7.04676E-4	3.73992E0
7.06629E-4	3.61713E0
7.08582E-4	3.81486E0
7.10535E-4	3.72484E0
7.12488E-4	3.62097E0
7.14441E-4	3.66007E0
7.16395E-4	3.58584E0
7.18348E-4	3.60355E0
7.20301E-4	3.67933E0
7.22254E-4	3.66756E0
7.24207E-4	3.57204E0
7.2616E-4	3.67495E0
7.28113E-4	3.55231E0
7.30066E-4	3.35536E0
7.32019E-4	3.3774E0
7.33972E-4	3.5197E0
7.35926E-4	3.53257E0
7.37879E-4	3.44682E0
7.39832E-4	3.53104E0
7.41785E-4	3.53487E0
7.43738E-4	3.3786E0
7.45691E-4	3.37576E0
7.47644E-4	3.36852E0
7.49598E-4	3.53228E0
7.51551E-4	3.42935E0
7.53504E-4	3.53896E0
7.55457E-4	3.48773E0
7.5741E-4	3.49726E0
7.59363E-4	3.37969E0
7.61317E-4	3.50053E0
7.6327E-4	3.46773E0
7.65222E-4	3.17409E0
7.67175E-4	3.28771E0
7.69129E-4	3.14245E0
7.71082E-4	3.17746E0
7.73035E-4	3.15455E0
7.74988E-4	3.21661E0
7.76941E-4	3.28489E0
7.78894E-4	3.24588E0
7.80848E-4	3.28863E0
7.82801E-4	3.20329E0
7.84754E-4	3.23504E0
7.86707E-4	3.27667E0
7.8866E-4	3.27781E0
7.90613E-4	3.20061E0
7.92566E-4	3.26275E0
7.9452E-4	3.23584E0
7.96473E-4	3.21597E0
7.98426E-4	3.32738E0
8.00379E-4	3.03524E0
8.02332E-4	2.86274E0
8.04285E-4	2.90277E0
8.06238E-4	2.88557E0
8.08191E-4	2.89456E0
8.10144E-4	2.8955E0
8.12097E-4	2.88839E0
8.14051E-4	2.90883E0
8.16004E-4	2.85741E0
8.17957E-4	2.83783E0
8.1991E-4	2.91761E0
8.21863E-4	2.83121E0
8.23816E-4	2.84834E0
8.2577E-4	2.84352E0
8.27723E-4	2.92001E0
8.29676E-4	2.86922E0
8.31629E-4	2.54115E0
8.33582E-4	2.50319E0
8.35535E-4	2.51756E0
8.37488E-4	2.50962E0
8.39441E-4	2.51596E0
8.41394E-4	2.51187E0
8.43347E-4	2.51624E0
8.45301E-4	2.51225E0
8.47254E-4	2.5182E0
8.49207E-4	2.51023E0
8.5116E-4	2.52319E0
8.53113E-4	2.50256E0
8.55066E-4	2.54287E0
8.57019E-4	2.3696E0
8.58973E-4	2.07204E0
8.60926E-4	2.24708E0
8.62879E-4	2.20263E0
8.64832E-4	2.09135E0
8.66785E-4	2.17689E0
8.68738E-4	2.17437E0
8.70692E-4	2.11839E0
8.72645E-4	2.1233E0
8.74597E-4	2.21445E0
8.76551E-4	2.25761E0
8.78504E-4	2.19033E0
8.80457E-4	2.26804E0
8.8241E-4	1.88736E0
8.84363E-4	1.99933E0
8.86316E-4	1.97615E0
8.88269E-4	1.81961E0
8.90223E-4	1.93182E0
8.92176E-4	1.98098E0
8.94129E-4	1.79601E0
8.96082E-4	1.92622E0
8.98035E-4	1.92786E0
8.99988E-4	1.88773E0
9.01941E-4	1.90414E0
9.03895E-4	1.71911E0
9.05848E-4	1.60564E0
9.07801E-4	1.62078E0
9.09754E-4	1.68348E0
9.11707E-4	1.60508E0
9.1366E-4	1.64773E0
9.15613E-4	1.57014E0
9.17566E-4	1.50429E0
9.19519E-4	1.70094E0
9.21473E-4	1.46464E0
9.23426E-4	1.16734E0
9.25379E-4	1.34593E0
9.27332E-4	1.25145E0
9.29285E-4	1.24506E0
9.31238E-4	1.32696E0
9.33191E-4	1.25394E0
9.35145E-4	1.2342E0
9.37098E-4	1.17369E0
9.39051E-4	8.93647E-1
9.41004E-4	9.34573E-1
9.42957E-4	9.32603E-1
9.4491E-4	8.43078E-1
9.46863E-4	9.26837E-1
9.48816E-4	9.72611E-1
9.50769E-4	5.40258E-1
9.52722E-4	6.02781E-1
9.54676E-4	5.25287E-1
9.56629E-4	5.21818E-1
9.58582E-4	5.19894E-1
9.60535E-4	5.21043E-1
9.62488E-4	2.61177E-1
9.64441E-4	3.50966E-1
9.66395E-4	3.68069E-1
9.68348E-4	2.01856E-1
9.70301E-4	2.21977E-1
9.72254E-4	9.56328E-2
9.74207E-4	-1.42272E-2
9.7616E-4	6.93072E-2
9.78113E-4	4.68459E-2
9.80067E-4	1.42449E-1
9.82019E-4	-6.04938E-2
9.83972E-4	-2.97382E-1
9.85926E-4	-2.81026E-1
9.87879E-4	-2.95496E-1
9.89832E-4	-2.86532E-1
9.91785E-4	-3.56243E-1
9.93738E-4	-6.1979E-1
9.95691E-4	-7.07802E-1
9.97644E-4	-6.80621E-1
9.99598E-4	-7.08735E-1
1.00155E-3	-6.79185E-1
1.0035E-3	-9.3435E-1
1.00546E-3	-1.10754E0
1.00741E-3	-1.09734E0
1.00936E-3	-1.0809E0
1.01132E-3	-1.2262E0
1.01327E-3	-1.34321E0
1.01522E-3	-1.38823E0
1.01718E-3	-1.49084E0
1.01913E-3	-1.5142E0
1.02108E-3	-1.48272E0
1.02303E-3	-1.59975E0
1.02499E-3	-1.77166E0
1.02694E-3	-1.87019E0
1.02889E-3	-1.93516E0
1.03085E-3	-1.87556E0
1.0328E-3	-2.06824E0
1.03475E-3	-2.35084E0
1.03671E-3	-2.26933E0
1.03866E-3	-2.47192E0
1.04061E-3	-2.74765E0
1.04257E-3	-2.67629E0
1.04452E-3	-2.80521E0
1.04647E-3	-2.95788E0
1.04843E-3	-2.94256E0
1.05038E-3	-3.17279E0
1.05233E-3	-3.23442E0
1.05428E-3	-3.19983E0
1.05624E-3	-3.71383E0
1.05819E-3	-3.55493E0
1.06014E-3	-3.84979E0
1.0621E-3	-4.00166E0
1.06405E-3	-3.91991E0
1.066E-3	-4.29673E0
1.06796E-3	-4.35207E0
1.06991E-3	-4.65466E0
1.07186E-3	-4.42093E0
1.07382E-3	-4.7836E0
1.07577E-3	-4.95986E0
1.07772E-3	-5.13471E0
1.07968E-3	-5.13914E0
1.08163E-3	-5.35696E0
1.08358E-3	-5.51625E0
1.08553E-3	-5.67642E0
1.08749E-3	-5.94498E0
1.08944E-3	-5.95076E0
1.09139E-3	-6.26776E0
1.09335E-3	-6.44052E0
1.0953E-3	-6.53056E0
1.09725E-3	-6.66177E0
1.09921E-3	-6.71057E0
1.10116E-3	-6.97367E0
1.10311E-3	-7.12544E0
1.10507E-3	-7.28489E0
1.10702E-3	-7.53457E0
1.10897E-3	-7.75053E0
1.11093E-3	-7.95166E0
1.11288E-3	-8.12108E0
1.11483E-3	-8.41889E0
1.11678E-3	-8.48359E0
1.11874E-3	-8.70483E0
1.12069E-3	-8.79028E0
1.12264E-3	-9.01836E0
1.1246E-3	-9.16486E0
1.12655E-3	-9.39813E0
1.1285E-3	-9.67362E0
1.13046E-3	-9.88026E0
1.13241E-3	-1.0021E1
1.13436E-3	-1.03439E1
1.13632E-3	-1.03826E1
1.13827E-3	-1.05589E1
1.14022E-3	-1.0801E1
1.14218E-3	-1.10696E1
1.14413E-3	-1.11119E1
1.14608E-3	-1.14689E1
1.14803E-3	-1.16278E1
1.14999E-3	-1.18379E1
1.15194E-3	-1.20325E1
1.1539E-3	-1.23333E1
1.15585E-3	-1.24371E1
1.1578E-3	-1.27058E1
1.15975E-3	-1.30305E1
1.16171E-3	-1.32298E1
1.16366E-3	-1.35751E1
1.16561E-3	-1.37001E1
1.16757E-3	-1.40485E1
1.16952E-3	-1.43052E1
1.17147E-3	-1.45579E1
1.17343E-3	-1.49655E1
1.17538E-3	-1.50512E1
1.17733E-3	-1.54681E1
1.17928E-3	-1.56623E1
1.18124E-3	-1.60855E1
1.18319E-3	-1.6334E1
1.18514E-3	-1.65219E1
1.1871E-3	-1.69767E1
1.18905E-3	-1.73495E1
1.191E-3	-1.76125E1
1.19296E-3	-1.81222E1
1.19491E-3	-1.84153E1
1.19686E-3	-1.85969E1
1.19882E-3	-1.91427E1
1.20077E-3	-1.9487E1
1.20272E-3	-1.98872E1
1.20468E-3	-2.03742E1
1.20663E-3	-2.08616E1
1.20858E-3	-2.10794E1
1.21053E-3	-2.1548E1
1.21249E-3	-2.22331E1
1.21444E-3	-2.25692E1
1.21639E-3	-2.31616E1
1.21835E-3	-2.35003E1
1.2203E-3	-2.41534E1
1.22225E-3	-2.46082E1
1.22421E-3	-2.51026E1
1.22616E-3	-2.57969E1
1.22811E-3	-2.61838E1
1.23007E-3	-2.67104E1
1.23202E-3	-2.74486E1
1.23397E-3	-2.78706E1
1.23593E-3	-2.85222E1
1.23788E-3	-2.9103E1
1.23983E-3	-2.97575E1
1.24178E-3	-3.03543E1
1.24374E-3	-3.09831E1
1.24569E-3	-3.16364E1
1.24764E-3	-3.23214E1
1.2496E-3	-3.30658E1
1.25155E-3	-3.38783E1
1.2535E-3	-3.45165E1
1.25546E-3	-3.5458E1
1.25741E-3	-3.61764E1
1.25936E-3	-3.67413E1
1.26132E-3	-3.77513E1
1.26327E-3	-3.85418E1
1.26522E-3	-3.9355E1
1.26718E-3	-4.0303E1
1.26913E-3	-4.11715E1
1.27108E-3	-4.19674E1
1.27303E-3	-4.30479E1
1.27499E-3	-4.39364E1
1.27694E-3	-4.49846E1
1.27889E-3	-4.60842E1
1.28085E-3	-4.68746E1
1.2828E-3	-4.80013E1
1.28475E-3	-4.90747E1
1.28671E-3	-5.00872E1
1.28866E-3	-5.13212E1
1.29061E-3	-5.21844E1
1.29257E-3	-5.34118E1
1.29452E-3	-5.4532E1
1.29647E-3	-5.55795E1
1.29843E-3	-5.69323E1
1.30038E-3	-5.80548E1
1.30233E-3	-5.90719E1
1.30428E-3	-6.0276E1
1.30624E-3	-6.14464E1
1.30819E-3	-6.27016E1
1.31014E-3	-6.39652E1
1.3121E-3	-6.52694E1
1.31405E-3	-6.64468E1
1.316E-3	-6.76452E1
1.31796E-3	-6.90177E1
1.31991E-3	-7.03933E1
1.32186E-3	-7.16738E1
1.32382E-3	-7.27639E1
1.32577E-3	-7.4204E1
1.32772E-3	-7.5636E1
1.32968E-3	-7.69067E1
1.33163E-3	-7.8066E1
1.33358E-3	-7.94885E1
1.33553E-3	-8.09127E1
1.33749E-3	-8.20374E1
1.33944E-3	-8.34505E1
1.34139E-3	-8.49294E1
1.34335E-3	-8.62345E1
1.3453E-3	-8.74674E1
1.34725E-3	-8.88619E1
1.34921E-3	-9.02403E1
1.35116E-3	-9.16832E1
1.35311E-3	-9.30624E1
1.35507E-3	-9.46468E1
1.35702E-3	-9.61534E1
1.35897E-3	-9.76397E1
1.36093E-3	-9.90487E1
1.36288E-3	-1.0069E2
1.36483E-3	-1.0204E2
1.36678E-3	-1.03574E2
1.36874E-3	-1.05196E2
1.37069E-3	-1.06743E2
1.37264E-3	-1.08114E2
1.3746E-3	-1.09725E2
1.37655E-3	-1.11303E2
1.3785E-3	-1.12838E2
1.38046E-3	-1.14349E2
1.38241E-3	-1.15941E2
1.38436E-3	-1.17497E2
1.38632E-3	-1.19091E2
1.38827E-3	-1.20595E2
1.39022E-3	-1.22174E2
1.39218E-3	-1.23744E2
1.39413E-3	-1.25304E2
1.39608E-3	-1.26867E2
1.39803E-3	-1.28285E2
1.39999E-3	-1.29958E2
1.40194E-3	-1.31631E2
1.40389E-3	-1.32966E2
1.40585E-3	-1.34695E2
1.4078E-3	-1.36043E2
1.40975E-3	-1.38107E2
1.41171E-3	-1.39808E2
1.41366E-3	-1.40659E2
1.41561E-3	-1.42345E2
1.41757E-3	-1.43845E2
1.41952E-3	-1.45239E2
1.42147E-3	-1.46823E2
1.42343E-3	-1.48295E2
1.42538E-3	-1.49741E2
1.42733E-3	-1.51421E2
1.42928E-3	-1.52649E2
1.43124E-3	-1.54166E2
1.43319E-3	-1.55642E2
1.43514E-3	-1.57003E2
1.4371E-3	-1.58466E2
1.43905E-3	-1.59624E2
1.441E-3	-1.611E2
1.44296E-3	-1.62662E2
1.44491E-3	-1.63859E2
1.44686E-3	-1.6522E2
1.44882E-3	-1.66687E2
1.45077E-3	-1.68106E2
1.45272E-3	-1.69343E2
1.45468E-3	-1.70688E2
1.45663E-3	-1.72166E2
1.45858E-3	-1.73416E2
1.46053E-3	-1.74622E2
1.46249E-3	-1.76128E2
1.46444E-3	-1.77337E2
1.46639E-3	-1.78584E2
1.46835E-3	-1.79927E2
1.4703E-3	-1.81233E2
1.47225E-3	-1.82436E2
1.47421E-3	-1.83532E2
1.47616E-3	-1.8478E2
1.47811E-3	-1.86106E2
1.48007E-3	-1.87328E2
1.48202E-3	-1.88467E2
1.48397E-3	-1.89635E2
1.48593E-3	-1.91083E2
1.48788E-3	-1.92118E2
1.48983E-3	-1.9332E2
1.49178E-3	-1.94437E2
1.49374E-3	-1.95547E2
1.49569E-3	-1.96823E2
1.49764E-3	-1.98111E2
1.4996E-3	-1.99147E2
1.50155E-3	-2.00388E2
1.5035E-3	-2.01575E2
1.50546E-3	-2.02885E2
1.50741E-3	-2.04033E2
1.50936E-3	-2.05048E2
1.51132E-3	-2.06324E2
1.51327E-3	-2.07463E2
1.51522E-3	-2.0876E2
1.51718E-3	-2.09773E2
1.51913E-3	-2.11011E2
1.52108E-3	-2.12096E2
1.52303E-3	-2.13331E2
1.52499E-3	-2.14483E2
1.52694E-3	-2.15545E2
1.52889E-3	-2.1675E2
1.53085E-3	-2.17893E2
1.5328E-3	-2.19067E2
1.53475E-3	-2.20141E2
1.53671E-3	-2.21191E2
1.53866E-3	-2.22269E2
1.54061E-3	-2.23556E2
1.54257E-3	-2.24527E2
1.54452E-3	-2.25554E2
1.54647E-3	-2.26532E2
1.54843E-3	-2.27528E2
1.55038E-3	-2.28645E2
1.55233E-3	-2.29614E2
1.55428E-3	-2.30197E2
1.55624E-3	-2.31224E2
1.55819E-3	-2.32025E2
1.56014E-3	-2.32659E2
1.5621E-3	-2.33461E2
1.56405E-3	-2.34117E2
1.566E-3	-2.34852E2
1.56796E-3	-2.35455E2
1.56991E-3	-2.36089E2
1.57186E-3	-2.36726E2
1.57382E-3	-2.37296E2
1.57577E-3	-2.37881E2
1.57772E-3	-2.38358E2
1.57968E-3	-2.39E2
1.58163E-3	-2.394E2
1.58358E-3	-2.39973E2
1.58553E-3	-2.40499E2
1.58749E-3	-2.4101E2
1.58944E-3	-2.41503E2
1.59139E-3	-2.41805E2
1.59335E-3	-2.42405E2
1.5953E-3	-2.42727E2
1.59725E-3	-2.43076E2
1.59921E-3	-2.43521E2
1.60116E-3	-2.43883E2
1.60311E-3	-2.44192E2
1.60507E-3	-2.44405E2
1.60702E-3	-2.44752E2
1.60897E-3	-2.44961E2
1.61093E-3	-2.4508E2
1.61288E-3	-2.4537E2
1.61483E-3	-2.45537E2
1.61678E-3	-2.45855E2
1.61874E-3	-2.45825E2
1.62069E-3	-2.45983E2
1.62264E-3	-2.46233E2
1.6246E-3	-2.46026E2
1.62655E-3	-2.46155E2
1.6285E-3	-2.46188E2
1.63046E-3	-2.46312E2
1.63241E-3	-2.46219E2
1.63436E-3	-2.46242E2
1.63632E-3	-2.46081E2
1.63827E-3	-2.45857E2
1.64022E-3	-2.45705E2
1.64218E-3	-2.4552E2
1.64413E-3	-2.45287E2
1.64608E-3	-2.45052E2
1.64803E-3	-2.44834E2
1.64999E-3	-2.44577E2
1.65194E-3	-2.44218E2
1.65389E-3	-2.43861E2
1.65585E-3	-2.43438E2
1.6578E-3	-2.43014E2
1.65975E-3	-2.42589E2
1.66171E-3	-2.42134E2
1.66366E-3	-2.41802E2
1.66561E-3	-2.41512E2
1.66757E-3	-2.41092E2
1.66952E-3	-2.40484E2
1.67147E-3	-2.40069E2
1.67343E-3	-2.39544E2
1.67538E-3	-2.39149E2
1.67733E-3	-2.38781E2
1.67928E-3	-2.38127E2
1.68124E-3	-2.37761E2
1.68319E-3	-2.37471E2
1.68514E-3	-2.36885E2
1.6871E-3	-2.36618E2
1.68905E-3	-2.36234E2
1.691E-3	-2.35794E2
1.69296E-3	-2.3532E2
1.69491E-3	-2.34941E2
1.69686E-3	-2.34768E2
1.69882E-3	-2.34376E2
1.70077E-3	-2.34017E2
1.70272E-3	-2.33825E2
1.70468E-3	-2.33588E2
1.70663E-3	-2.33503E2
1.70858E-3	-2.33024E2
1.71053E-3	-2.3293E2
1.71249E-3	-2.32844E2
1.71444E-3	-2.32571E2
1.71639E-3	-2.32434E2
1.71835E-3	-2.32155E2
1.7203E-3	-2.32158E2
1.72225E-3	-2.32114E2
1.72421E-3	-2.32151E2
1.72616E-3	-2.31861E2
1.72811E-3	-2.31783E2
1.73007E-3	-2.31872E2
1.73202E-3	-2.31773E2
1.73397E-3	-2.31572E2
1.73593E-3	-2.31443E2
1.73788E-3	-2.3158E2
1.73983E-3	-2.31448E2
1.74178E-3	-2.31172E2
1.74374E-3	-2.31189E2
1.74569E-3	-2.31212E2
1.74764E-3	-2.31196E2
1.7496E-3	-2.30875E2
1.75155E-3	-2.30855E2
1.7535E-3	-2.30886E2
1.75546E-3	-2.30636E2
1.75741E-3	-2.30615E2
1.75936E-3	-2.3052E2
1.76132E-3	-2.30339E2
1.76327E-3	-2.30202E2
1.76522E-3	-2.30065E2
1.76718E-3	-2.29698E2
1.76913E-3	-2.2947E2
1.77108E-3	-2.29332E2
1.77303E-3	-2.28969E2
1.77499E-3	-2.28808E2
1.77694E-3	-2.28507E2
1.77889E-3	-2.28322E2
1.78085E-3	-2.27971E2
1.7828E-3	-2.27655E2
1.78475E-3	-2.27324E2
1.78671E-3	-2.27218E2
1.78866E-3	-2.26721E2
1.79061E-3	-2.26219E2
1.79257E-3	-2.26123E2
1.79452E-3	-2.25699E2
1.79647E-3	-2.25358E2
1.79843E-3	-2.24971E2
1.80038E-3	-2.24587E2
1.80233E-3	-2.24291E2
1.80428E-3	-2.23838E2
1.80624E-3	-2.23427E2
1.80819E-3	-2.23006E2
1.81014E-3	-2.22659E2
1.8121E-3	-2.22425E2
1.81405E-3	-2.21901E2
1.816E-3	-2.21376E2
1.81796E-3	-2.20961E2
1.81991E-3	-2.20614E2
1.82186E-3	-2.20072E2
1.82382E-3	-2.19651E2
1.82577E-3	-2.19278E2
1.82772E-3	-2.18742E2
1.82968E-3	-2.18327E2
1.83163E-3	-2.17836E2
1.83358E-3	-2.17357E2
1.83554E-3	-2.16788E2
1.83749E-3	-2.16315E2
1.83944E-3	-2.15789E2
1.8414E-3	-2.1526E2
1.84335E-3	-2.14783E2
1.8453E-3	-2.14213E2
1.84725E-3	-2.13839E2
1.84921E-3	-2.1328E2
1.85116E-3	-2.12823E2
1.85311E-3	-2.12304E2
1.85507E-3	-2.11667E2
1.85702E-3	-2.11134E2
1.85897E-3	-2.10677E2
1.86093E-3	-2.10061E2
1.86288E-3	-2.09561E2
1.86483E-3	-2.09104E2
1.86678E-3	-2.08681E2
1.86874E-3	-2.08243E2
1.87069E-3	-2.07733E2
1.87264E-3	-2.07272E2
1.8746E-3	-2.06694E2
1.87655E-3	-2.0632E2
1.8785E-3	-2.05784E2
1.88046E-3	-2.05446E2
1.88241E-3	-2.0504E2
1.88436E-3	-2.04551E2
1.88632E-3	-2.04166E2
1.88827E-3	-2.03799E2
1.89022E-3	-2.03475E2
1.89218E-3	-2.02977E2
1.89413E-3	-2.02819E2
1.89608E-3	-2.02464E2
1.89803E-3	-2.02124E2
1.89999E-3	-2.01809E2
1.90194E-3	-2.01673E2
1.90389E-3	-2.01202E2
1.90585E-3	-2.00983E2
1.9078E-3	-2.00802E2
1.90975E-3	-2.00569E2
1.91171E-3	-2.00438E2
1.91366E-3	-1.99955E2
1.91561E-3	-1.99911E2
1.91757E-3	-1.99669E2
1.91952E-3	-1.99387E2
1.92147E-3	-1.99253E2
1.92343E-3	-1.99081E2
1.92538E-3	-1.98747E2
1.92733E-3	-1.98711E2
1.92928E-3	-1.98483E2
1.93124E-3	-1.98233E2
1.93319E-3	-1.98081E2
1.93514E-3	-1.97838E2
1.9371E-3	-1.97621E2
1.93905E-3	-1.975E2
1.941E-3	-1.97274E2
1.94296E-3	-1.97048E2
1.94491E-3	-1.96898E2
1.94686E-3	-1.96535E2
1.94882E-3	-1.96428E2
1.95077E-3	-1.96186E2
1.95272E-3	-1.95983E2
1.95468E-3	-1.95821E2
1.95663E-3	-1.95367E2
1.95858E-3	-1.95246E2
1.96053E-3	-1.94834E2
1.96249E-3	-1.94521E2
1.96444E-3	-1.94283E2
1.96639E-3	-1.93915E2
1.96835E-3	-1.93724E2
1.9703E-3	-1.93328E2
1.97225E-3	-1.92788E2
1.97421E-3	-1.92474E2
1.97616E-3	-1.92228E2
1.97811E-3	-1.91741E2
1.98007E-3	-1.91341E2
1.98202E-3	-1.9082E2
1.98397E-3	-1.90334E2
1.98593E-3	-1.89963E2
1.98788E-3	-1.89476E2
1.98983E-3	-1.88986E2
1.99178E-3	-1.88553E2
1.99374E-3	-1.87922E2
1.99569E-3	-1.8746E2
1.99764E-3	-1.86943E2
1.9996E-3	-1.86403E2
2.00155E-3	-1.85802E2
2.0035E-3	-1.85185E2
2.00546E-3	-1.84621E2
2.00741E-3	-1.84064E2
2.00936E-3	-1.83706E2
2.01132E-3	-1.82935E2
2.01327E-3	-1.82311E2
2.01522E-3	-1.81561E2
2.01718E-3	-1.80961E2
2.01913E-3	-1.80268E2
2.02108E-3	-1.79598E2
2.02303E-3	-1.78869E2
2.02499E-3	-1.78162E2
2.02694E-3	-1.77378E2
2.02889E-3	-1.76714E2
2.03085E-3	-1.75904E2
2.0328E-3	-1.75002E2
2.03475E-3	-1.74335E2
2.03671E-3	-1.73532E2
2.03866E-3	-1.72648E2
2.04061E-3	-1.71924E2
2.04257E-3	-1.71124E2
2.04452E-3	-1.70234E2
2.04647E-3	-1.69419E2
2.04843E-3	-1.6872E2
2.05038E-3	-1.67779E2
2.05233E-3	-1.67019E2
2.05428E-3	-1.66327E2
2.05624E-3	-1.65389E2
2.05819E-3	-1.64771E2
2.06014E-3	-1.6401E2
2.0621E-3	-1.6289E2
2.06405E-3	-1.62303E2
2.066E-3	-1.61688E2
2.06796E-3	-1.60908E2
2.06991E-3	-1.60112E2
2.07186E-3	-1.59386E2
2.07382E-3	-1.58799E2
2.07577E-3	-1.58013E2
2.07772E-3	-1.57186E2
2.07968E-3	-1.56678E2
2.08163E-3	-1.56041E2
2.08358E-3	-1.55329E2
2.08553E-3	-1.54719E2
2.08749E-3	-1.54094E2
2.08944E-3	-1.53572E2
2.09139E-3	-1.52836E2
2.09335E-3	-1.52261E2
2.0953E-3	-1.51751E2
2.09725E-3	-1.51071E2
2.09921E-3	-1.50591E2
2.10116E-3	-1.49914E2
2.10311E-3	-1.49669E2
2.10507E-3	-1.48975E2
2.10702E-3	-1.48528E2
2.10897E-3	-1.48113E2
2.11093E-3	-1.47378E2
2.11288E-3	-1.47111E2
2.11483E-3	-1.46718E2
2.11678E-3	-1.46185E2
2.11874E-3	-1.45753E2
2.12069E-3	-1.45215E2
2.12264E-3	-1.44808E2
2.1246E-3	-1.44345E2
2.12655E-3	-1.43827E2
2.1285E-3	-1.43314E2
2.13046E-3	-1.42906E2
2.13241E-3	-1.42533E2
2.13436E-3	-1.4205E2
2.13632E-3	-1.41583E2
2.13827E-3	-1.41142E2
2.14022E-3	-1.40722E2
2.14218E-3	-1.40222E2
2.14413E-3	-1.3988E2
2.14608E-3	-1.39504E2
2.14803E-3	-1.39105E2
2.14999E-3	-1.38607E2
2.15194E-3	-1.38182E2
2.15389E-3	-1.37849E2
2.15585E-3	-1.37375E2
2.1578E-3	-1.36847E2
2.15975E-3	-1.36356E2
2.16171E-3	-1.35953E2
2.16366E-3	-1.35438E2
2.16561E-3	-1.35068E2
2.16757E-3	-1.34477E2
2.16952E-3	-1.33969E2
2.17147E-3	-1.33346E2
2.17343E-3	-1.32799E2
2.17538E-3	-1.32264E2
2.17733E-3	-1.31687E2
2.17928E-3	-1.3103E2
2.18124E-3	-1.30438E2
2.18319E-3	-1.29964E2
2.18514E-3	-1.29154E2
2.1871E-3	-1.28502E2
2.18905E-3	-1.2787E2
2.191E-3	-1.27042E2
2.19296E-3	-1.26398E2
2.19491E-3	-1.25563E2
2.19686E-3	-1.25069E2
2.19882E-3	-1.24152E2
2.20077E-3	-1.23308E2
2.20272E-3	-1.22574E2
2.20468E-3	-1.21586E2
2.20663E-3	-1.20841E2
2.20858E-3	-1.19893E2
2.21053E-3	-1.18938E2
2.21249E-3	-1.18162E2
2.21444E-3	-1.17042E2
2.21639E-3	-1.16132E2
2.21835E-3	-1.15215E2
2.2203E-3	-1.14106E2
2.22225E-3	-1.13199E2
2.22421E-3	-1.12076E2
2.22616E-3	-1.11076E2
2.22811E-3	-1.10038E2
2.23007E-3	-1.08944E2
2.23202E-3	-1.07937E2
2.23397E-3	-1.06749E2
2.23593E-3	-1.05876E2
2.23788E-3	-1.04684E2
2.23983E-3	-1.03434E2
2.24178E-3	-1.02541E2
2.24374E-3	-1.01433E2
2.24569E-3	-1.00295E2
2.24764E-3	-9.91542E1
2.2496E-3	-9.81756E1
2.25155E-3	-9.68883E1
2.2535E-3	-9.57854E1
2.25546E-3	-9.47794E1
2.25741E-3	-9.37459E1
2.25936E-3	-9.25926E1
2.26132E-3	-9.15957E1
2.26327E-3	-9.05528E1
2.26522E-3	-8.94689E1
2.26718E-3	-8.85594E1
2.26913E-3	-8.75243E1
2.27108E-3	-8.64922E1
2.27303E-3	-8.5712E1
2.27499E-3	-8.46171E1
2.27694E-3	-8.36597E1
2.27889E-3	-8.27278E1
2.28085E-3	-8.17557E1
2.2828E-3	-8.10373E1
2.28475E-3	-8.00392E1
2.28671E-3	-7.91327E1
2.28866E-3	-7.82547E1
2.29061E-3	-7.73876E1
2.29257E-3	-7.6586E1
2.29452E-3	-7.57094E1
2.29647E-3	-7.48314E1
2.29843E-3	-7.39705E1
2.30038E-3	-7.31482E1
2.30233E-3	-7.22796E1
2.30428E-3	-7.14916E1
2.30624E-3	-7.0666E1
2.30819E-3	-6.98642E1
2.31014E-3	-6.90422E1
2.3121E-3	-6.82745E1
2.31405E-3	-6.75374E1
2.316E-3	-6.67439E1
2.31796E-3	-6.63161E1
2.31991E-3	-6.55092E1
2.32186E-3	-6.45721E1
2.32382E-3	-6.39512E1
2.32577E-3	-6.32971E1
2.32772E-3	-6.25832E1
2.32968E-3	-6.20116E1
2.33163E-3	-6.15074E1
2.33358E-3	-6.08624E1
2.33553E-3	-6.02046E1
2.33749E-3	-5.97845E1
2.33944E-3	-5.91857E1
2.34139E-3	-5.86678E1
2.34335E-3	-5.79392E1
2.3453E-3	-5.76228E1
2.34725E-3	-5.70463E1
2.34921E-3	-5.66065E1
2.35116E-3	-5.61524E1
2.35311E-3	-5.56485E1
2.35507E-3	-5.53454E1
2.35702E-3	-5.47517E1
2.35897E-3	-5.44243E1
2.36093E-3	-5.41478E1
2.36288E-3	-5.36872E1
2.36483E-3	-5.32237E1
2.36678E-3	-5.28643E1
2.36874E-3	-5.25641E1
2.37069E-3	-5.23612E1
2.37264E-3	-5.19429E1
2.3746E-3	-5.17693E1
2.37655E-3	-5.14698E1
2.3785E-3	-5.10453E1
2.38046E-3	-5.08373E1
2.38241E-3	-5.06912E1
2.38436E-3	-5.02869E1
2.38632E-3	-4.99567E1
2.38827E-3	-4.99422E1
2.39022E-3	-4.95464E1
2.39218E-3	-4.94117E1
2.39413E-3	-4.93338E1
2.39608E-3	-4.90195E1
2.39803E-3	-4.89182E1
2.39999E-3	-4.86436E1
2.40194E-3	-4.83142E1
2.40389E-3	-4.83239E1
2.40585E-3	-4.82489E1
2.4078E-3	-4.82096E1
2.40975E-3	-4.79525E1
2.41171E-3	-4.79339E1
2.41366E-3	-4.77667E1
2.41561E-3	-4.76017E1
2.41757E-3	-4.7717E1
2.41952E-3	-4.7536E1
2.42147E-3	-4.73039E1
2.42343E-3	-4.73835E1
2.42538E-3	-4.73644E1
2.42733E-3	-4.75078E1
2.42928E-3	-4.71487E1
2.43124E-3	-4.71163E1
2.43319E-3	-4.71603E1
2.43514E-3	-4.71922E1
2.4371E-3	-4.71552E1
2.43905E-3	-4.70055E1
2.441E-3	-4.71337E1
2.44296E-3	-4.70946E1
2.44491E-3	-4.70036E1
2.44686E-3	-4.68909E1
2.44882E-3	-4.69694E1
2.45077E-3	-4.68112E1
2.45272E-3	-4.65638E1
2.45468E-3	-4.66579E1
2.45663E-3	-4.63393E1
2.45858E-3	-4.63381E1
2.46053E-3	-4.60985E1
2.46249E-3	-4.6036E1
2.46444E-3	-4.6035E1
2.46639E-3	-4.58372E1
2.46835E-3	-4.56553E1
2.4703E-3	-4.55402E1
2.47225E-3	-4.5256E1
2.47421E-3	-4.49952E1
2.47616E-3	-4.4958E1
2.47811E-3	-4.46991E1
2.48007E-3	-4.45422E1
2.48202E-3	-4.42048E1
2.48397E-3	-4.38841E1
2.48593E-3	-4.37782E1
2.48788E-3	-4.33023E1
2.48983E-3	-4.32151E1
2.49178E-3	-4.27672E1
2.49374E-3	-4.25322E1
2.49569E-3	-4.223E1
2.49764E-3	-4.18586E1
2.4996E-3	-4.16609E1
2.50155E-3	-4.1204E1
2.5035E-3	-4.08403E1
2.50546E-3	-4.03878E1
2.50741E-3	-4.00676E1
2.50936E-3	-3.97483E1
2.51132E-3	-3.93029E1
2.51327E-3	-3.88002E1
2.51522E-3	-3.86823E1
2.51718E-3	-3.81165E1
2.51913E-3	-3.76588E1
2.52108E-3	-3.73308E1
2.52303E-3	-3.6781E1
2.52499E-3	-3.6438E1
2.52694E-3	-3.59999E1
2.52889E-3	-3.55227E1
2.53085E-3	-3.50765E1
2.5328E-3	-3.45482E1
2.53475E-3	-3.4158E1
2.53671E-3	-3.37222E1
2.53866E-3	-3.31565E1
2.54061E-3	-3.27038E1
2.54257E-3	-3.23567E1
2.54452E-3	-3.17768E1
2.54647E-3	-3.14648E1
2.54843E-3	-3.08561E1
2.55038E-3	-3.04415E1
2.55233E-3	-3.00259E1
2.55428E-3	-2.94957E1
2.55624E-3	-2.9187E1
2.55819E-3	-2.84694E1
2.56014E-3	-2.80771E1
2.5621E-3	-2.75385E1
2.56405E-3	-2.70843E1
2.566E-3	-2.66093E1
2.56796E-3	-2.6081E1
2.56991E-3	-2.57322E1
2.57186E-3	-2.51548E1
2.57382E-3	-2.4845E1
2.57577E-3	-2.4425E1
2.57772E-3	-2.38684E1
2.57968E-3	-2.33398E1
2.58163E-3	-2.29835E1
2.58358E-3	-2.24435E1
2.58553E-3	-2.20522E1
2.58749E-3	-2.16963E1
2.58944E-3	-2.11344E1
2.59139E-3	-2.0733E1
2.59335E-3	-2.02093E1
2.5953E-3	-1.98964E1
2.59725E-3	-1.96237E1
2.59921E-3	-1.90616E1
2.60116E-3	-1.88317E1
2.60311E-3	-1.83182E1
2.60507E-3	-1.79519E1
2.60702E-3	-1.75877E1
2.60897E-3	-1.71746E1
2.61093E-3	-1.67619E1
2.61288E-3	-1.62798E1
2.61483E-3	-1.61416E1
2.61678E-3	-1.58314E1
2.61874E-3	-1.55052E1
2.62069E-3	-1.55645E1
2.62264E-3	-1.53762E1
2.6246E-3	-1.55218E1
2.62655E-3	-1.54494E1
2.6285E-3	-1.51396E1
2.63046E-3	-1.52129E1
2.63241E-3	-1.52771E1
2.63436E-3	-1.53204E1
2.63632E-3	-1.5034E1
2.63827E-3	-1.49595E1
2.64022E-3	-1.47331E1
2.64218E-3	-1.45481E1
2.64413E-3	-1.42011E1
2.64608E-3	-1.38789E1
2.64803E-3	-1.3178E1
2.64999E-3	-1.27295E1
2.65194E-3	-1.22337E1
2.65389E-3	-1.17709E1
2.65585E-3	-1.13787E1
2.6578E-3	-1.08432E1
2.65975E-3	-1.06767E1
2.66171E-3	-1.01927E1
2.66366E-3	-9.57066E0
2.66561E-3	-9.16136E0
2.66757E-3	-8.70843E0
2.66952E-3	-8.23358E0
2.67147E-3	-7.66514E0
2.67343E-3	-7.18378E0
2.67538E-3	-6.55686E0
2.67733E-3	-5.88714E0
2.67928E-3	-5.32214E0
2.68124E-3	-4.47452E0
2.68319E-3	-3.57742E0
2.68514E-3	-2.65723E0
2.6871E-3	-1.7131E0
2.68905E-3	-8.50969E-1
2.691E-3	1.5088E-1
2.69296E-3	1.11998E0
2.69491E-3	1.96363E0
2.69686E-3	3.06594E0
2.69882E-3	3.75103E0
2.70077E-3	4.70288E0
2.70272E-3	5.77726E0
2.70468E-3	6.58978E0
2.70663E-3	7.7664E0
2.70858E-3	8.28584E0
2.71053E-3	8.8945E0
2.71249E-3	1.02088E1
2.71444E-3	1.08503E1
2.71639E-3	1.1479E1
2.71835E-3	1.20987E1
2.7203E-3	1.27006E1
2.72225E-3	1.32504E1
2.72421E-3	1.37574E1
2.72616E-3	1.44254E1
2.72811E-3	1.50459E1
2.73007E-3	1.55568E1
2.73202E-3	1.63003E1
2.73397E-3	1.69449E1
2.73593E-3	1.7768E1
2.73788E-3	1.84721E1
2.73983E-3	1.94629E1
2.74178E-3	2.04128E1
2.74374E-3	2.14459E1
2.74569E-3	2.2519E1
2.74764E-3	2.33783E1
2.7496E-3	2.44622E1
2.75155E-3	2.53962E1
2.7535E-3	2.61705E1
2.75546E-3	2.70976E1
2.75741E-3	2.77954E1
2.75936E-3	2.83248E1
2.76132E-3	2.92813E1
2.76327E-3	3.00999E1
2.76522E-3	3.08211E1
2.76718E-3	3.1645E1
2.76913E-3	3.23026E1
2.77108E-3	3.27995E1
2.77303E-3	3.34358E1
2.77499E-3	3.40963E1
2.77694E-3	3.45835E1
2.7789E-3	3.50725E1
2.78085E-3	3.53667E1
2.7828E-3	3.56102E1
2.78475E-3	3.6024E1
2.78671E-3	3.61399E1
2.78866E-3	3.63007E1
2.79061E-3	3.62109E1
2.79257E-3	3.61036E1
2.79452E-3	3.57097E1
2.79647E-3	3.54738E1
2.79843E-3	3.49489E1
2.80038E-3	3.45189E1
2.80233E-3	3.40092E1
2.80428E-3	3.34556E1
2.80624E-3	3.30296E1
2.80819E-3	3.25203E1
2.81014E-3	3.17525E1
2.8121E-3	3.11161E1
2.81405E-3	3.03948E1
2.816E-3	2.98043E1
2.81796E-3	2.90656E1
2.81991E-3	2.8352E1
2.82186E-3	2.76382E1
2.82382E-3	2.70321E1
2.82577E-3	2.63409E1
2.82772E-3	2.57869E1
2.82968E-3	2.50635E1
2.83163E-3	2.42554E1
2.83358E-3	2.36729E1
2.83554E-3	2.30572E1
2.83749E-3	2.24884E1
2.83944E-3	2.17654E1
2.8414E-3	2.11924E1
2.84335E-3	2.08475E1
2.8453E-3	2.01649E1
2.84725E-3	1.99012E1
2.84921E-3	1.94619E1
2.85116E-3	1.90159E1
2.85311E-3	1.87085E1
2.85507E-3	1.88886E1
2.85702E-3	1.86951E1
2.85897E-3	1.8486E1
2.86093E-3	1.87271E1
2.86288E-3	1.88932E1
2.86483E-3	1.90066E1
2.86678E-3	1.94925E1
2.86874E-3	1.97243E1
2.87069E-3	2.02118E1
2.87264E-3	2.06269E1
2.8746E-3	2.10041E1
2.87655E-3	2.15208E1
2.8785E-3	2.2127E1
2.88046E-3	2.26093E1
2.88241E-3	2.33126E1
2.88436E-3	2.37033E1
2.88632E-3	2.44125E1
2.88827E-3	2.48774E1
2.89022E-3	2.55776E1
2.89218E-3	2.58701E1
2.89413E-3	2.64408E1
2.89608E-3	2.7082E1
2.89803E-3	2.74803E1
2.89999E-3	2.78677E1
2.90194E-3	2.81593E1
2.90389E-3	2.85564E1
2.90585E-3	2.90331E1
2.9078E-3	2.92689E1
2.90975E-3	2.94845E1
2.91171E-3	2.98463E1
2.91366E-3	3.01402E1
2.91561E-3	3.04834E1
2.91757E-3	3.06881E1
2.91952E-3	3.07837E1
2.92147E-3	3.11747E1
2.92343E-3	3.12945E1
2.92538E-3	3.16151E1
2.92733E-3	3.17873E1
2.92928E-3	3.19492E1
2.93124E-3	3.22009E1
2.93319E-3	3.23627E1
2.93514E-3	3.26532E1
2.9371E-3	3.28644E1
2.93905E-3	3.31713E1
2.941E-3	3.32966E1
2.94296E-3	3.37251E1
2.94491E-3	3.39715E1
2.94686E-3	3.41127E1
2.94882E-3	3.45069E1
2.95077E-3	3.46786E1
2.95272E-3	3.50224E1
2.95468E-3	3.5052E1
2.95663E-3	3.51894E1
2.95858E-3	3.53535E1
2.96053E-3	3.55217E1
2.96249E-3	3.55878E1
2.96444E-3	3.54924E1
2.96639E-3	3.54321E1
2.96835E-3	3.54166E1
2.9703E-3	3.53598E1
2.97225E-3	3.53623E1
2.97421E-3	3.53692E1
2.97616E-3	3.52687E1
2.97811E-3	3.52096E1
2.98007E-3	3.48355E1
2.98202E-3	3.48238E1
2.98397E-3	3.47442E1
2.98593E-3	3.43901E1
2.98788E-3	3.40554E1
2.98983E-3	3.38145E1
2.99178E-3	3.33937E1
2.99374E-3	3.3279E1
2.99569E-3	3.2846E1
2.99764E-3	3.25926E1
2.9996E-3	3.22713E1
3.00155E-3	3.19656E1
3.0035E-3	3.13891E1
3.00546E-3	3.11958E1
3.00741E-3	3.07624E1
3.00936E-3	3.04496E1
3.01132E-3	3.02337E1
3.01327E-3	2.9746E1
3.01522E-3	2.935E1
3.01718E-3	2.91157E1
3.01913E-3	2.87578E1
3.02108E-3	2.83734E1
3.02303E-3	2.79497E1
3.02499E-3	2.76899E1
3.02694E-3	2.74992E1
3.02889E-3	2.73142E1
3.03085E-3	2.70496E1
3.0328E-3	2.69552E1
3.03475E-3	2.69441E1
3.03671E-3	2.68535E1
3.03866E-3	2.69153E1
3.04061E-3	2.69471E1
3.04257E-3	2.71058E1
3.04452E-3	2.7173E1
3.04647E-3	2.74785E1
3.04843E-3	2.77505E1
3.05038E-3	2.80718E1
3.05233E-3	2.8195E1
3.05428E-3	2.86276E1
3.05624E-3	2.89979E1
3.05819E-3	2.93163E1
3.06014E-3	2.98807E1
3.0621E-3	3.03581E1
3.06405E-3	3.0747E1
3.066E-3	3.12395E1
3.06796E-3	3.16107E1
3.06991E-3	3.22172E1
3.07186E-3	3.26611E1
3.07382E-3	3.29699E1
3.07577E-3	3.36065E1
3.07772E-3	3.40002E1
3.07968E-3	3.43057E1
3.08163E-3	3.45299E1
3.08358E-3	3.47311E1
3.08553E-3	3.52064E1
3.08749E-3	3.5231E1
3.08944E-3	3.54607E1
3.09139E-3	3.57426E1
3.09335E-3	3.58718E1
3.0953E-3	3.59251E1
3.09725E-3	3.59555E1
3.09921E-3	3.60738E1
3.10116E-3	3.62476E1
3.10311E-3	3.61597E1
3.10507E-3	3.6084E1
3.10702E-3	3.61675E1
3.10897E-3	3.60414E1
3.11093E-3	3.59264E1
3.11288E-3	3.60127E1
3.11483E-3	3.58825E1
3.11678E-3	3.55682E1
3.11874E-3	3.55865E1
3.12069E-3	3.53522E1
3.12264E-3	3.52448E1
3.1246E-3	3.49495E1
3.12655E-3	3.47627E1
3.1285E-3	3.4353E1
3.13046E-3	3.40297E1
3.13241E-3	3.36045E1
3.13436E-3	3.33114E1
3.13632E-3	3.30079E1
3.13827E-3	3.26062E1
3.14022E-3	3.22232E1
3.14218E-3	3.17631E1
3.14413E-3	3.10403E1
3.14608E-3	3.05361E1
3.14803E-3	2.98764E1
3.14999E-3	2.93084E1
3.15194E-3	2.88412E1
3.15389E-3	2.80667E1
3.15585E-3	2.74253E1
3.1578E-3	2.68413E1
3.15975E-3	2.63591E1
3.16171E-3	2.55964E1
3.16366E-3	2.51458E1
3.16561E-3	2.45686E1
3.16757E-3	2.40372E1
3.16952E-3	2.36261E1
3.17147E-3	2.30467E1
3.17343E-3	2.25608E1
3.17538E-3	2.20972E1
3.17733E-3	2.15959E1
3.17928E-3	2.12802E1
3.18124E-3	2.07592E1
3.18319E-3	2.03736E1
3.18514E-3	1.98494E1
3.1871E-3	1.95938E1
3.18905E-3	1.9134E1
3.191E-3	1.88105E1
3.19296E-3	1.84759E1
3.19491E-3	1.81613E1
3.19686E-3	1.76166E1
3.19882E-3	1.75388E1
3.20077E-3	1.71896E1
3.20272E-3	1.70007E1
3.20468E-3	1.68732E1
3.20663E-3	1.65634E1
3.20858E-3	1.6596E1
3.21053E-3	1.62919E1
3.21249E-3	1.60863E1
3.21444E-3	1.60716E1
3.2164E-3	1.61044E1
3.21835E-3	1.59883E1
3.2203E-3	1.59685E1
3.22225E-3	1.5994E1
3.22421E-3	1.58638E1
3.22616E-3	1.58566E1
3.22811E-3	1.57878E1
3.23007E-3	1.5829E1
3.23202E-3	1.57708E1
3.23397E-3	1.56812E1
3.23593E-3	1.56655E1
3.23788E-3	1.5616E1
3.23983E-3	1.55864E1
3.24178E-3	1.55444E1
3.24374E-3	1.55109E1
3.24569E-3	1.54695E1
3.24764E-3	1.54388E1
3.2496E-3	1.53902E1
3.25155E-3	1.5373E1
3.2535E-3	1.53004E1
3.25546E-3	1.53298E1
3.25741E-3	1.49916E1
3.25936E-3	1.48578E1
3.26132E-3	1.48969E1
3.26327E-3	1.47595E1
3.26522E-3	1.4583E1
3.26718E-3	1.45318E1
3.26913E-3	1.45738E1
3.27108E-3	1.44321E1
3.27303E-3	1.40636E1
3.27499E-3	1.40767E1
3.27694E-3	1.38026E1
3.27889E-3	1.36442E1
3.28085E-3	1.36042E1
3.2828E-3	1.32951E1
3.28475E-3	1.31503E1
3.28671E-3	1.27563E1
3.28866E-3	1.26876E1
3.29061E-3	1.25411E1
3.29257E-3	1.23699E1
3.29452E-3	1.20297E1
3.29647E-3	1.18454E1
3.29843E-3	1.16815E1
3.30038E-3	1.13304E1
3.30233E-3	1.12976E1
3.30428E-3	1.0981E1
3.30624E-3	1.07044E1
3.30819E-3	1.05026E1
3.31014E-3	1.03626E1
3.3121E-3	1.01458E1
3.31405E-3	9.86725E0
3.316E-3	9.7509E0
3.31796E-3	9.52697E0
3.31991E-3	9.37451E0
3.32186E-3	8.94893E0
3.32382E-3	8.91005E0
3.32577E-3	8.62885E0
3.32772E-3	8.49149E0
3.32968E-3	8.29995E0
3.33163E-3	8.26749E0
3.33358E-3	8.09794E0
3.33553E-3	7.79879E0
3.33749E-3	7.60722E0
3.33944E-3	7.39393E0
3.34139E-3	7.24083E0
3.34335E-3	6.91345E0
3.3453E-3	6.93975E0
3.34725E-3	6.60394E0
3.34921E-3	6.57979E0
3.35116E-3	6.56377E0
3.35311E-3	6.23921E0
3.35507E-3	6.16105E0
3.35702E-3	6.09522E0
3.35897E-3	6.14099E0
3.36093E-3	6.00221E0
3.36288E-3	5.78288E0
3.36483E-3	5.62104E0
3.36678E-3	5.66152E0
3.36874E-3	5.68926E0
3.37069E-3	5.48434E0
3.37264E-3	5.59863E0
3.3746E-3	5.92684E0
3.37655E-3	5.85649E0
3.3785E-3	5.80627E0
3.38046E-3	5.70363E0
3.38241E-3	5.69937E0
3.38436E-3	5.84688E0
3.38632E-3	5.92148E0
3.38827E-3	6.07295E0
3.39022E-3	6.1446E0
3.39218E-3	6.03727E0
3.39413E-3	6.37671E0
3.39608E-3	6.31822E0
3.39803E-3	6.64456E0
3.39999E-3	6.59979E0
3.40194E-3	6.79971E0
3.40389E-3	6.98396E0
3.40585E-3	7.11609E0
3.4078E-3	7.02467E0
3.40975E-3	7.22811E0
3.41171E-3	7.42814E0
3.41366E-3	7.51777E0
3.41561E-3	7.56391E0
3.41757E-3	7.83833E0
3.41952E-3	7.82498E0
3.42147E-3	8.0704E0
3.42343E-3	8.07011E0
3.42538E-3	8.23663E0
3.42733E-3	8.42032E0
3.42928E-3	8.37877E0
3.43124E-3	8.63455E0
3.43319E-3	8.94846E0
3.43514E-3	9.05439E0
3.4371E-3	9.28784E0
3.43905E-3	9.59813E0
3.441E-3	9.66519E0
3.44296E-3	9.81805E0
3.44491E-3	1.00614E1
3.44686E-3	1.0227E1
3.44882E-3	1.05283E1
3.45077E-3	1.05102E1
3.45272E-3	1.07362E1
3.45468E-3	1.10243E1
3.45663E-3	1.10432E1
3.45858E-3	1.12998E1
3.46053E-3	1.14352E1
3.46249E-3	1.16354E1
3.46444E-3	1.16709E1
3.46639E-3	1.19328E1
3.46835E-3	1.19911E1
3.4703E-3	1.21152E1
3.47225E-3	1.18959E1
3.47421E-3	1.20825E1
3.47616E-3	1.21283E1
3.47811E-3	1.21279E1
3.48007E-3	1.20985E1
3.48202E-3	1.2163E1
3.48397E-3	1.24071E1
3.48593E-3	1.23121E1
3.48788E-3	1.23015E1
3.48983E-3	1.22464E1
3.49178E-3	1.22159E1
3.49374E-3	1.21721E1
3.49569E-3	1.21352E1
3.49764E-3	1.20944E1
3.4996E-3	1.20571E1
3.50155E-3	1.20143E1
3.5035E-3	1.19815E1
3.50546E-3	1.19305E1
3.50741E-3	1.19114E1
3.50936E-3	1.18372E1
3.51132E-3	1.18629E1
3.51327E-3	1.16061E1
3.51522E-3	1.13543E1
3.51718E-3	1.1369E1
3.51913E-3	1.13091E1
3.52108E-3	1.09607E1
3.52303E-3	1.09367E1
3.52499E-3	1.06665E1
3.52694E-3	1.05818E1
3.52889E-3	1.06323E1
3.53085E-3	1.02558E1
3.5328E-3	1.02123E1
3.53475E-3	1.01976E1
3.53671E-3	9.98522E0
3.53866E-3	9.66779E0
3.54061E-3	9.68761E0
3.54257E-3	9.59203E0
3.54452E-3	9.22521E0
3.54647E-3	9.14711E0
3.54843E-3	9.17474E0
3.55038E-3	9.04965E0
3.55233E-3	8.92363E0
3.55428E-3	8.9199E0
3.55624E-3	8.67391E0
3.55819E-3	8.50035E0
3.56014E-3	8.20961E0
3.5621E-3	7.93108E0
3.56405E-3	8.06726E0
3.566E-3	7.81291E0
3.56796E-3	7.51934E0
3.56991E-3	7.52524E0
3.57186E-3	7.43814E0
3.57382E-3	7.06145E0
3.57577E-3	7.01757E0
3.57772E-3	7.03976E0
3.57968E-3	6.85389E0
3.58163E-3	6.6544E0
3.58358E-3	6.63013E0
3.58553E-3	6.70264E0
3.58749E-3	6.66512E0
3.58944E-3	6.37211E0
3.59139E-3	6.28661E0
3.59335E-3	6.19277E0
3.5953E-3	6.11216E0
3.59725E-3	6.16849E0
3.59921E-3	6.10082E0
3.60116E-3	6.01068E0
3.60311E-3	5.99311E0
3.60507E-3	6.01308E0
3.60702E-3	5.96594E0
3.60897E-3	5.93747E0
3.61093E-3	5.76672E0
3.61288E-3	5.75469E0
3.61483E-3	5.77751E0
3.61678E-3	5.80235E0
3.61874E-3	6.00089E0
3.62069E-3	5.81464E0
3.62264E-3	5.87938E0
3.6246E-3	5.86364E0
3.62655E-3	6.1036E0
3.6285E-3	6.05951E0
3.63046E-3	5.93614E0
3.63241E-3	5.90748E0
3.63436E-3	6.01551E0
3.63632E-3	6.20526E0
3.63827E-3	6.16605E0
3.64022E-3	6.05965E0
3.64218E-3	6.09891E0
3.64413E-3	6.0093E0
3.64608E-3	5.93938E0
3.64803E-3	5.91407E0
3.64999E-3	5.86422E0
3.65194E-3	5.83127E0
3.65389E-3	5.78408E0
3.65585E-3	5.75287E0
3.6578E-3	5.69602E0
3.65975E-3	5.73964E0
3.66171E-3	5.64384E0
3.66366E-3	5.58128E0
3.66561E-3	5.54479E0
3.66757E-3	5.51319E0
3.66952E-3	5.44812E0
3.67147E-3	5.46275E0
3.67343E-3	5.21237E0
3.67538E-3	5.11276E0
3.67733E-3	5.03054E0
3.67928E-3	4.89256E0
3.68124E-3	4.89714E0
3.68319E-3	4.87934E0
3.68514E-3	4.76389E0
3.6871E-3	4.70762E0
3.68905E-3	4.67356E0
3.691E-3	4.76714E0
3.69296E-3	4.74072E0
3.69491E-3	4.59724E0
3.69686E-3	4.60108E0
3.69882E-3	4.63785E0
3.70077E-3	4.5988E0
3.70272E-3	4.47459E0
3.70468E-3	4.51497E0
3.70663E-3	4.40232E0
3.70858E-3	4.41936E0
3.71053E-3	4.39121E0
3.71249E-3	4.53369E0
3.71444E-3	4.53749E0
3.71639E-3	4.50696E0
3.71835E-3	4.52858E0
3.7203E-3	4.4005E0
3.72225E-3	4.3772E0
3.72421E-3	4.32949E0
3.72616E-3	4.29101E0
3.72811E-3	4.25095E0
3.73007E-3	4.28633E0
3.73202E-3	4.17029E0
3.73397E-3	4.12672E0
3.73593E-3	4.08869E0
3.73788E-3	4.04575E0
3.73983E-3	4.0068E0
3.74178E-3	3.96479E0
3.74374E-3	3.92494E0
3.74569E-3	3.88363E0
3.74764E-3	3.84313E0
3.7496E-3	3.80255E0
3.75155E-3	3.76092E0
3.7535E-3	3.72222E0
3.75546E-3	3.67726E0
3.75741E-3	3.64415E0
3.75936E-3	3.58985E0
3.76132E-3	3.57285E0
3.76327E-3	3.48513E0
3.76522E-3	3.70955E0
3.76718E-3	3.85896E0
3.76913E-3	3.76825E0
3.77108E-3	3.75385E0
3.77303E-3	3.69727E0
3.77499E-3	3.66583E0
3.77694E-3	3.61947E0
3.7789E-3	3.58153E0
3.78085E-3	3.53921E0
3.7828E-3	3.49895E0
3.78475E-3	3.45766E0
3.78671E-3	3.41709E0
3.78866E-3	3.37568E0
3.79061E-3	3.33532E0
3.79257E-3	3.29375E0
3.79452E-3	3.25322E0
3.79647E-3	3.21252E0
3.79843E-3	3.16933E0
3.80038E-3	3.13496E0
3.80233E-3	2.79581E0
3.80428E-3	2.69358E0
3.80624E-3	2.66357E0
3.80819E-3	2.45871E0
3.81014E-3	2.30117E0
3.8121E-3	2.27527E0
3.81405E-3	2.13091E0
3.816E-3	1.94277E0
3.81796E-3	1.99177E0
3.81991E-3	1.60962E0
3.82186E-3	1.22963E0
3.82382E-3	1.4453E0
3.82577E-3	1.11479E0
3.82772E-3	9.8388E-1
3.82968E-3	8.98366E-1
3.83163E-3	5.70603E-1
3.83358E-3	4.81193E-1
3.83554E-3	4.36624E-1
3.83749E-3	3.42028E-1
3.83944E-3	2.56835E-2
3.84139E-3	-8.24787E-2
3.84335E-3	-1.39319E-1
3.8453E-3	-5.18566E-1
3.84725E-3	-4.91232E-1
3.84921E-3	-5.62355E-1
3.85116E-3	-8.83156E-1
3.85311E-3	-7.96874E-1
3.85507E-3	-1.09555E0
3.85702E-3	-1.21185E0
3.85897E-3	-1.20398E0
3.86093E-3	-1.36798E0
3.86288E-3	-1.70254E0
3.86483E-3	-1.71577E0
3.86678E-3	-2.01189E0
3.86874E-3	-2.25828E0
3.87069E-3	-2.22149E0
3.87264E-3	-2.50373E0
3.8746E-3	-2.61892E0
3.87655E-3	-2.71278E0
3.8785E-3	-2.94088E0
3.88046E-3	-2.86942E0
3.88241E-3	-3.2138E0
3.88436E-3	-3.39332E0
3.88632E-3	-3.49399E0
3.88827E-3	-3.86186E0
3.89022E-3	-3.78533E0
3.89218E-3	-4.13389E0
3.89413E-3	-4.33366E0
3.89608E-3	-4.39138E0
3.89803E-3	-4.70627E0
3.89999E-3	-4.46531E0
3.90194E-3	-4.84234E0
3.90389E-3	-5.14606E0
3.90585E-3	-5.06517E0
3.9078E-3	-5.42246E0
3.90975E-3	-5.38814E0
3.91171E-3	-5.56809E0
3.91366E-3	-5.90073E0
3.91561E-3	-5.9534E0
3.91757E-3	-5.95627E0
3.91952E-3	-6.17728E0
3.92147E-3	-6.49681E0
3.92343E-3	-6.47341E0
3.92538E-3	-6.56625E0
3.92733E-3	-6.54663E0
3.92928E-3	-6.72615E0
3.93124E-3	-7.02716E0
3.93319E-3	-7.03312E0
3.93514E-3	-7.1579E0
3.9371E-3	-7.16886E0
3.93905E-3	-7.23422E0
3.941E-3	-7.11468E0
3.94296E-3	-7.2842E0
3.94491E-3	-7.50855E0
3.94686E-3	-7.78393E0
3.94882E-3	-7.77619E0
3.95077E-3	-7.76555E0
3.95272E-3	-7.72383E0
3.95468E-3	-7.72781E0
3.95663E-3	-7.89101E0
3.95858E-3	-8.0016E0
3.96053E-3	-7.84984E0
3.96249E-3	-7.81827E0
3.96444E-3	-7.97148E0
3.96639E-3	-7.95678E0
3.96835E-3	-8.01606E0
3.9703E-3	-7.96898E0
3.97225E-3	-7.95098E0
3.97421E-3	-8.14867E0
3.97616E-3	-8.20006E0
3.97811E-3	-8.22288E0
3.98007E-3	-8.43552E0
3.98202E-3	-8.25948E0
3.98397E-3	-8.17373E0
3.98593E-3	-8.47089E0
3.98788E-3	-8.52637E0
3.98983E-3	-8.51184E0
3.99178E-3	-8.50403E0
3.99374E-3	-8.73377E0
3.99569E-3	-8.57991E0
3.99764E-3	-8.72866E0
3.9996E-3	-8.66148E0
4.00155E-3	-8.64472E0
4.0035E-3	-8.81804E0
4.00546E-3	-8.82238E0
4.00741E-3	-8.91903E0
4.00936E-3	-8.93302E0
4.01132E-3	-9.03389E0
4.01327E-3	-9.01846E0
4.01522E-3	-9.07851E0
4.01718E-3	-8.9559E0
4.01913E-3	-9.23345E0
4.02108E-3	-9.13758E0
4.02303E-3	-9.20706E0
4.02499E-3	-9.34486E0
4.02694E-3	-9.28733E0
4.02889E-3	-9.46907E0
4.03085E-3	-9.32754E0
4.0328E-3	-9.52894E0
4.03475E-3	-9.62202E0
4.03671E-3	-9.53314E0
4.03866E-3	-9.62439E0
4.04061E-3	-9.54179E0
4.04257E-3	-9.70852E0
4.04452E-3	-9.5641E0
4.04647E-3	-9.70706E0
4.04843E-3	-9.69701E0
4.05038E-3	-9.62174E0
4.05233E-3	-9.95026E0
4.05428E-3	-9.88441E0
4.05624E-3	-9.91242E0
4.05819E-3	-9.84012E0
4.06014E-3	-9.97036E0
4.0621E-3	-1.011E1
4.06405E-3	-1.02227E1
4.066E-3	-1.01211E1
4.06796E-3	-1.01903E1
4.06991E-3	-1.00833E1
4.07186E-3	-1.02164E1
4.07382E-3	-1.03998E1
4.07577E-3	-1.02957E1
4.07772E-3	-1.04333E1
4.07968E-3	-1.02485E1
4.08163E-3	-1.05943E1
4.08358E-3	-1.0564E1
4.08553E-3	-1.05396E1
4.08749E-3	-1.0627E1
4.08944E-3	-1.06142E1
4.09139E-3	-1.07624E1
4.09335E-3	-1.0794E1
4.0953E-3	-1.08978E1
4.09725E-3	-1.07378E1
4.09921E-3	-1.09084E1
4.10116E-3	-1.08413E1
4.10311E-3	-1.09372E1
4.10507E-3	-1.10586E1
4.10702E-3	-1.07381E1
4.10897E-3	-1.08561E1
4.11093E-3	-1.07319E1
4.11288E-3	-1.09542E1
4.11483E-3	-1.08166E1
4.11678E-3	-1.09047E1
4.11874E-3	-1.10838E1
4.12069E-3	-1.10139E1
4.12264E-3	-1.10826E1
4.1246E-3	-1.11961E1
4.12655E-3	-1.11534E1
4.1285E-3	-1.08636E1
4.13046E-3	-1.09335E1
4.13241E-3	-1.09587E1
4.13436E-3	-1.10129E1
4.13632E-3	-1.10416E1
4.13827E-3	-1.11036E1
4.14022E-3	-1.08279E1
4.14218E-3	-1.07613E1
4.14413E-3	-1.08382E1
4.14608E-3	-1.08615E1
4.14803E-3	-1.09139E1
4.14999E-3	-1.09411E1
4.15194E-3	-1.07048E1
4.1539E-3	-1.06252E1
4.15585E-3	-1.06995E1
4.1578E-3	-1.07195E1
4.15975E-3	-1.07817E1
4.16171E-3	-1.08004E1
4.16366E-3	-1.08761E1
4.16561E-3	-1.08313E1
4.16757E-3	-1.06472E1
4.16952E-3	-1.07734E1
4.17147E-3	-1.07438E1
4.17343E-3	-1.07489E1
4.17538E-3	-1.09686E1
4.17733E-3	-1.08156E1
4.17929E-3	-1.1067E1
4.18124E-3	-1.10168E1
4.18319E-3	-1.09523E1
4.18515E-3	-1.10413E1
4.1871E-3	-1.11865E1
4.18905E-3	-1.10614E1
4.191E-3	-1.12354E1
4.19296E-3	-1.13549E1
4.19491E-3	-1.12424E1
4.19686E-3	-1.13563E1
4.19882E-3	-1.15352E1
4.20077E-3	-1.15473E1
4.20272E-3	-1.11629E1
4.20468E-3	-1.11157E1
4.20663E-3	-1.13695E1
4.20858E-3	-1.12255E1
4.21054E-3	-1.12027E1
4.21249E-3	-1.13446E1
4.21444E-3	-1.15112E1
4.21639E-3	-1.16466E1
4.21835E-3	-1.14773E1
4.2203E-3	-1.12609E1
4.22225E-3	-1.13563E1
4.22421E-3	-1.1352E1
4.22616E-3	-1.14578E1
4.22811E-3	-1.12977E1
4.23007E-3	-1.10865E1
4.23202E-3	-1.11607E1
4.23397E-3	-1.12034E1
4.23593E-3	-1.1169E1
4.23788E-3	-1.08545E1
4.23983E-3	-1.09875E1
4.24178E-3	-1.10133E1
4.24374E-3	-1.10416E1
4.24569E-3	-1.11121E1
4.24765E-3	-1.08093E1
4.2496E-3	-1.10271E1
4.25155E-3	-1.09726E1
4.2535E-3	-1.08227E1
4.25546E-3	-1.08588E1
4.25741E-3	-1.08201E1
4.25936E-3	-1.09165E1
4.26132E-3	-1.09662E1
4.26327E-3	-1.09301E1
4.26522E-3	-1.09385E1
4.26718E-3	-1.11013E1
4.26913E-3	-1.08135E1
4.27108E-3	-1.07978E1
4.27304E-3	-1.07967E1
4.27499E-3	-1.09151E1
4.27694E-3	-1.0946E1
4.27889E-3	-1.0983E1
4.28085E-3	-1.07426E1
4.2828E-3	-1.06646E1
4.28475E-3	-1.07382E1
4.28671E-3	-1.07597E1
4.28866E-3	-1.08196E1
4.29061E-3	-1.08271E1
4.29257E-3	-1.05261E1
4.29452E-3	-1.05488E1
4.29647E-3	-1.05748E1
4.29843E-3	-1.06595E1
4.30038E-3	-1.05838E1
4.30233E-3	-1.05349E1
4.30428E-3	-1.04553E1
4.30624E-3	-1.05084E1
4.30819E-3	-1.06966E1
4.31015E-3	-1.03751E1
4.3121E-3	-1.02888E1
4.31405E-3	-1.05196E1
4.316E-3	-1.04098E1
4.31796E-3	-1.0223E1
4.31991E-3	-1.03371E1
4.32186E-3	-1.03209E1
4.32382E-3	-1.00269E1
4.32577E-3	-1.00616E1
4.32772E-3	-9.95003E0
4.32968E-3	-9.6846E0
4.33163E-3	-9.84041E0
4.33358E-3	-9.56151E0
4.33554E-3	-9.64609E0
4.33749E-3	-9.68489E0
4.33944E-3	-9.421E0
4.3414E-3	-9.43846E0
4.34335E-3	-9.3756E0
4.3453E-3	-9.14075E0
4.34725E-3	-9.2764E0
4.34921E-3	-8.87993E0
4.35116E-3	-9.06444E0
4.35311E-3	-8.82016E0
