temps	chemin
-2.65E-7	3.99192E-2
1.688E-6	4.5965E-2
3.641E-6	-6.15126E-2
5.594E-6	1.86833E-2
7.548E-6	6.50747E-2
9.501E-6	8.60896E-2
1.1454E-5	4.08639E-2
1.3407E-5	3.2872E-1
1.536E-5	4.84251E-1
1.7313E-5	4.17199E-1
1.9266E-5	3.58735E-1
2.1219E-5	3.67749E-1
2.3172E-5	3.84431E-1
2.5126E-5	4.1498E-1
2.7079E-5	4.54381E-1
2.9032E-5	4.89837E-1
3.0985E-5	5.40099E-1
3.2938E-5	5.14323E-1
3.4891E-5	5.53583E-1
3.6844E-5	4.78782E-1
3.8797E-5	5.06712E-1
4.0751E-5	5.62726E-1
4.2704E-5	5.47908E-1
4.4657E-5	5.75579E-1
4.661E-5	8.2205E-1
4.8563E-5	7.99317E-1
5.0516E-5	6.38026E-1
5.247E-5	7.60804E-1
5.4423E-5	9.27872E-1
5.6376E-5	8.05705E-1
5.8329E-5	8.49627E-1
6.0282E-5	7.44744E-1
6.2235E-5	7.99638E-1
6.4188E-5	8.24207E-1
6.6141E-5	9.18189E-1
6.8094E-5	9.48126E-1
7.0048E-5	8.97513E-1
7.2001E-5	7.31004E-1
7.3954E-5	8.80941E-1
7.5907E-5	8.0244E-1
7.786E-5	9.10909E-1
7.9813E-5	1.06152E0
8.1766E-5	1.02245E0
8.3719E-5	1.23535E0
8.5673E-5	1.10839E0
8.7626E-5	1.04083E0
8.9579E-5	1.05473E0
9.1532E-5	1.10614E0
9.3485E-5	1.12049E0
9.5438E-5	1.02772E0
9.7391E-5	1.17184E0
9.9344E-5	1.18726E0
1.01298E-4	1.12822E0
1.03251E-4	1.08412E0
1.05204E-4	1.09154E0
1.07157E-4	1.0814E0
1.0911E-4	1.17015E0
1.11063E-4	1.11273E0
1.13016E-4	1.12065E0
1.14969E-4	1.47714E0
1.16923E-4	1.50283E0
1.18876E-4	1.50705E0
1.20829E-4	1.49971E0
1.22782E-4	1.58149E0
1.24735E-4	1.53628E0
1.26688E-4	1.50747E0
1.28641E-4	1.53023E0
1.30594E-4	1.51685E0
1.32548E-4	1.53827E0
1.34501E-4	1.51615E0
1.36454E-4	1.57484E0
1.38407E-4	1.59572E0
1.4036E-4	1.52585E0
1.42313E-4	1.55101E0
1.44266E-4	1.5439E0
1.46219E-4	1.54971E0
1.48172E-4	1.55629E0
1.50126E-4	1.54787E0
1.52079E-4	1.57342E0
1.54032E-4	1.5298E0
1.55985E-4	1.79763E0
1.57938E-4	1.99064E0
1.59891E-4	1.94345E0
1.61845E-4	1.97254E0
1.63797E-4	1.95941E0
1.65751E-4	1.97139E0
1.67704E-4	1.96843E0
1.69657E-4	1.97385E0
1.7161E-4	1.97485E0
1.73563E-4	1.9778E0
1.75516E-4	1.97998E0
1.7747E-4	1.98228E0
1.79423E-4	1.98454E0
1.81376E-4	1.98676E0
1.83329E-4	1.98893E0
1.85282E-4	1.99106E0
1.87235E-4	1.99302E0
1.89188E-4	1.99551E0
1.91141E-4	1.99653E0
1.93094E-4	2.00033E0
1.95048E-4	1.99925E0
1.97001E-4	2.00576E0
1.98954E-4	2.00076E0
2.00907E-4	2.01262E0
2.0286E-4	1.99832E0
2.04813E-4	2.04124E0
2.06766E-4	2.36915E0
2.08719E-4	2.34278E0
2.10673E-4	2.38659E0
2.12626E-4	2.43612E0
2.14579E-4	2.32696E0
2.16532E-4	2.30273E0
2.18485E-4	2.43262E0
2.20438E-4	2.40437E0
2.22391E-4	2.41681E0
2.24344E-4	2.33987E0
2.26298E-4	2.4087E0
2.28251E-4	2.43836E0
2.30204E-4	2.29958E0
2.32157E-4	2.32778E0
2.3411E-4	2.37795E0
2.36063E-4	2.43696E0
2.38016E-4	2.39986E0
2.39969E-4	2.28336E0
2.41922E-4	2.36771E0
2.43876E-4	2.39638E0
2.45829E-4	2.44878E0
2.47782E-4	2.39845E0
2.49735E-4	2.36954E0
2.51688E-4	2.39317E0
2.53641E-4	2.23161E0
2.55594E-4	2.43784E0
2.57548E-4	2.40779E0
2.59501E-4	2.37038E0
2.61454E-4	2.36867E0
2.63407E-4	2.27737E0
2.6536E-4	2.41445E0
2.67313E-4	2.30254E0
2.69267E-4	2.33157E0
2.71219E-4	2.35681E0
2.73172E-4	2.44701E0
2.75125E-4	2.34905E0
2.77079E-4	2.33907E0
2.79032E-4	2.46008E0
2.80985E-4	2.33841E0
2.82938E-4	2.45715E0
2.84891E-4	2.37281E0
2.86844E-4	2.32018E0
2.88798E-4	2.44723E0
2.90751E-4	2.43113E0
2.92704E-4	2.40346E0
2.94657E-4	2.32226E0
2.9661E-4	2.43179E0
2.98563E-4	2.38299E0
3.00516E-4	2.29791E0
3.0247E-4	2.46578E0
3.04423E-4	2.41144E0
3.06376E-4	2.45453E0
3.08329E-4	2.3877E0
3.10282E-4	2.37637E0
3.12235E-4	2.44367E0
3.14188E-4	2.42524E0
3.16141E-4	2.43018E0
3.18094E-4	2.43356E0
3.20047E-4	2.40356E0
3.22001E-4	2.29218E0
3.23954E-4	2.35312E0
3.25907E-4	2.38355E0
3.2786E-4	2.32472E0
3.29813E-4	2.4025E0
3.31766E-4	2.42214E0
3.3372E-4	2.43034E0
3.35673E-4	2.39798E0
3.37626E-4	2.27709E0
3.39579E-4	2.41477E0
3.41532E-4	2.44094E0
3.43485E-4	2.28414E0
3.45438E-4	2.36076E0
3.47391E-4	2.42671E0
3.49344E-4	2.41651E0
3.51297E-4	2.35684E0
3.53251E-4	2.36933E0
3.55204E-4	2.41671E0
3.57157E-4	2.3323E0
3.5911E-4	2.37154E0
3.61063E-4	2.3255E0
3.63016E-4	2.20842E0
3.64969E-4	2.3976E0
3.66923E-4	2.17573E0
3.68876E-4	1.96506E0
3.70829E-4	2.02408E0
3.72782E-4	1.98877E0
3.74735E-4	2.00697E0
3.76688E-4	1.99286E0
3.78642E-4	1.99785E0
3.80594E-4	1.99207E0
3.82547E-4	1.9917E0
3.84501E-4	1.98891E0
3.86454E-4	1.98688E0
3.88407E-4	1.98465E0
3.9036E-4	1.98238E0
3.92313E-4	1.98016E0
3.94266E-4	1.97763E0
3.96219E-4	1.97547E0
3.98173E-4	1.97283E0
4.00126E-4	1.97026E0
4.02079E-4	1.96857E0
4.04032E-4	1.96368E0
4.05985E-4	1.96618E0
4.07938E-4	1.95326E0
4.09891E-4	1.97008E0
4.11845E-4	1.64876E0
4.13798E-4	1.53962E0
4.15751E-4	1.56813E0
4.17704E-4	1.55265E0
4.19657E-4	1.54694E0
4.2161E-4	1.61845E0
4.23563E-4	1.56758E0
4.25516E-4	1.53422E0
4.27469E-4	1.54611E0
4.29423E-4	1.53413E0
4.31376E-4	1.53625E0
4.33329E-4	1.53018E0
4.35282E-4	1.52818E0
4.37235E-4	1.52474E0
4.39188E-4	1.52107E0
4.41141E-4	1.5177E0
4.43095E-4	1.51589E0
4.45048E-4	1.50701E0
4.47001E-4	1.51628E0
4.48954E-4	1.20695E0
4.50907E-4	1.23145E0
4.5286E-4	1.12504E0
4.54813E-4	1.09443E0
4.56766E-4	1.10078E0
4.58719E-4	1.09898E0
4.60672E-4	1.07853E0
4.62626E-4	1.12791E0
4.64579E-4	1.13658E0
4.66532E-4	1.08986E0
4.68485E-4	1.16987E0
4.70438E-4	1.10449E0
4.72391E-4	1.16989E0
4.74345E-4	1.15667E0
4.76298E-4	1.16627E0
4.78251E-4	1.10009E0
4.80204E-4	9.80872E-1
4.82157E-4	8.72198E-1
4.8411E-4	9.01773E-1
4.86063E-4	9.59583E-1
4.88016E-4	8.69615E-1
4.89969E-4	6.94656E-1
4.91922E-4	8.2687E-1
4.93876E-4	7.74858E-1
4.95829E-4	9.23005E-1
4.97782E-4	8.04482E-1
4.99735E-4	8.82914E-1
5.01688E-4	8.57748E-1
5.03641E-4	8.28832E-1
5.05594E-4	8.79628E-1
5.07548E-4	8.86642E-1
5.09501E-4	8.17684E-1
5.11454E-4	7.43263E-1
5.13407E-4	4.39998E-1
5.1536E-4	3.71516E-1
5.17313E-4	5.22368E-1
5.19267E-4	4.57643E-1
5.2122E-4	4.40607E-1
5.23173E-4	5.55391E-1
5.25126E-4	4.34589E-1
5.27079E-4	4.10825E-1
5.29032E-4	4.26405E-1
5.30985E-4	3.50537E-1
5.32938E-4	5.0014E-1
5.34891E-4	4.61317E-1
5.36844E-4	5.70399E-1
5.38798E-4	3.47496E-1
5.40751E-4	9.17813E-2
5.42704E-4	1.23884E-1
5.44657E-4	1.00884E-1
5.4661E-4	1.03162E-1
5.48563E-4	9.59226E-2
5.50516E-4	8.61376E-2
5.5247E-4	9.0957E-2
5.54423E-4	5.99029E-2
5.56376E-4	-9.00795E-4
5.58329E-4	7.7849E-2
5.60282E-4	5.38182E-2
5.62235E-4	6.07219E-2
5.64188E-4	8.84505E-3
5.66141E-4	-3.17627E-1
5.68094E-4	-3.05333E-1
5.70047E-4	-3.17079E-1
5.72001E-4	-3.8393E-1
5.73954E-4	-3.64062E-1
5.75907E-4	-3.85023E-1
5.7786E-4	-3.83635E-1
5.79813E-4	-3.92519E-1
5.81766E-4	-4.00964E-1
5.8372E-4	-4.00936E-1
5.85673E-4	-4.19641E-1
5.87626E-4	-4.02469E-1
5.89579E-4	-5.20421E-1
5.91532E-4	-8.20307E-1
5.93485E-4	-8.17352E-1
5.95438E-4	-8.57462E-1
5.97391E-4	-6.90211E-1
5.99344E-4	-7.33453E-1
6.01297E-4	-8.87491E-1
6.03251E-4	-8.35336E-1
6.05204E-4	-7.97598E-1
6.07157E-4	-9.00662E-1
6.0911E-4	-7.82458E-1
6.11063E-4	-7.12221E-1
6.13016E-4	-1.05058E0
6.14969E-4	-1.1227E0
6.16923E-4	-1.05599E0
6.18876E-4	-1.19707E0
6.20829E-4	-1.03468E0
6.22782E-4	-1.11327E0
6.24735E-4	-1.09912E0
6.26688E-4	-1.0214E0
6.28642E-4	-1.24581E0
6.30595E-4	-1.10244E0
6.32548E-4	-1.0489E0
6.345E-4	-1.51766E0
6.36454E-4	-1.43287E0
6.38407E-4	-1.57953E0
6.4036E-4	-1.50519E0
6.42313E-4	-1.37566E0
6.44266E-4	-1.57036E0
6.46219E-4	-1.53897E0
6.48173E-4	-1.63806E0
6.50126E-4	-1.55149E0
6.52079E-4	-1.65237E0
6.54032E-4	-1.88087E0
6.55985E-4	-1.87857E0
6.57938E-4	-1.94772E0
6.59891E-4	-1.8828E0
6.61845E-4	-1.87139E0
6.63798E-4	-1.87197E0
6.65751E-4	-1.91805E0
6.67704E-4	-1.96734E0
6.69657E-4	-1.86512E0
6.7161E-4	-2.00617E0
6.73563E-4	-2.31928E0
6.75516E-4	-2.31627E0
6.77469E-4	-2.3299E0
6.79422E-4	-2.33768E0
6.81376E-4	-2.34326E0
6.83329E-4	-2.3594E0
6.85282E-4	-2.35425E0
6.87235E-4	-2.38738E0
6.89188E-4	-2.34859E0
6.91141E-4	-2.62327E0
6.93095E-4	-2.82186E0
6.95048E-4	-2.78125E0
6.97001E-4	-2.81653E0
6.98954E-4	-2.73132E0
7.00907E-4	-2.75084E0
7.0286E-4	-2.83051E0
7.04813E-4	-2.84581E0
7.06766E-4	-2.8498E0
7.08719E-4	-2.85852E0
7.10672E-4	-3.04115E0
7.12626E-4	-3.20812E0
7.14579E-4	-3.16102E0
7.16532E-4	-2.98482E0
7.18485E-4	-3.13658E0
7.20438E-4	-3.16551E0
7.22391E-4	-3.2924E0
7.24344E-4	-3.28697E0
7.26298E-4	-3.23426E0
7.28251E-4	-3.08892E0
7.30204E-4	-3.67586E0
7.32157E-4	-3.39353E0
7.3411E-4	-3.45203E0
7.36063E-4	-3.53735E0
7.38017E-4	-3.53206E0
7.3997E-4	-3.43715E0
7.41922E-4	-3.61671E0
7.43875E-4	-3.54863E0
7.45829E-4	-3.65333E0
7.47782E-4	-3.51322E0
7.49735E-4	-3.65414E0
7.51688E-4	-3.91083E0
7.53641E-4	-3.8282E0
7.55594E-4	-3.96373E0
7.57548E-4	-3.89587E0
7.59501E-4	-3.89364E0
7.61454E-4	-3.90841E0
7.63407E-4	-3.91703E0
7.6536E-4	-3.92576E0
7.67313E-4	-3.94378E0
7.69266E-4	-3.93691E0
7.7122E-4	-4.26417E0
7.73173E-4	-4.38342E0
7.75126E-4	-4.35884E0
7.77079E-4	-4.38953E0
7.79032E-4	-4.3872E0
7.80985E-4	-4.4072E0
7.82938E-4	-4.41086E0
7.84891E-4	-4.42803E0
7.86844E-4	-4.43239E0
7.88797E-4	-4.45122E0
7.90751E-4	-4.45045E0
7.92704E-4	-4.49552E0
7.94657E-4	-4.84406E0
7.9661E-4	-4.88773E0
7.98563E-4	-4.89083E0
8.00516E-4	-4.90233E0
8.0247E-4	-4.92333E0
8.04423E-4	-4.85667E0
8.06376E-4	-4.91635E0
8.08329E-4	-4.96113E0
8.10282E-4	-4.94919E0
8.12235E-4	-4.98703E0
8.14188E-4	-4.95638E0
8.16141E-4	-5.20056E0
8.18094E-4	-5.21312E0
8.20047E-4	-5.31979E0
8.22001E-4	-5.27191E0
8.23954E-4	-5.28222E0
8.25907E-4	-5.38726E0
8.2786E-4	-5.21066E0
8.29813E-4	-5.43923E0
8.31766E-4	-5.51109E0
8.33719E-4	-5.39986E0
8.35673E-4	-5.41924E0
8.37626E-4	-5.43415E0
8.39579E-4	-5.6542E0
8.41532E-4	-5.70111E0
8.43485E-4	-5.75451E0
8.45438E-4	-5.89164E0
8.47392E-4	-5.78045E0
8.49345E-4	-5.82402E0
8.51297E-4	-5.89702E0
8.53251E-4	-5.87928E0
8.55204E-4	-5.89226E0
8.57157E-4	-5.77312E0
8.5911E-4	-5.97216E0
8.61063E-4	-5.86069E0
8.63016E-4	-6.04934E0
8.64969E-4	-6.26713E0
8.66923E-4	-6.15373E0
8.68876E-4	-6.08734E0
8.70829E-4	-6.12484E0
8.72782E-4	-6.12446E0
8.74735E-4	-6.14104E0
8.76688E-4	-6.21448E0
8.78641E-4	-6.20846E0
8.80595E-4	-6.32061E0
8.82548E-4	-6.18777E0
8.84501E-4	-6.21077E0
8.86454E-4	-6.21245E0
8.88407E-4	-6.32443E0
8.9036E-4	-6.21579E0
8.92313E-4	-6.41268E0
8.94266E-4	-6.69826E0
8.96219E-4	-6.65637E0
8.98173E-4	-6.70397E0
9.00126E-4	-6.68879E0
9.02079E-4	-6.73844E0
9.04032E-4	-6.79958E0
9.05985E-4	-6.73369E0
9.07938E-4	-6.76033E0
9.09891E-4	-6.76885E0
9.11845E-4	-6.78346E0
9.13798E-4	-6.79898E0
9.15751E-4	-6.80829E0
9.17704E-4	-6.82902E0
9.19657E-4	-6.83121E0
9.2161E-4	-6.8794E0
9.23563E-4	-7.22994E0
9.25516E-4	-7.27807E0
9.27469E-4	-7.28067E0
9.29422E-4	-7.30116E0
9.31376E-4	-7.31159E0
9.33329E-4	-7.32658E0
9.35282E-4	-7.3425E0
9.37235E-4	-7.35205E0
9.39188E-4	-7.37362E0
9.41141E-4	-7.37781E0
9.43095E-4	-7.32677E0
9.45048E-4	-7.40164E0
9.47001E-4	-7.38032E0
9.48954E-4	-7.74578E0
9.50907E-4	-7.71532E0
9.5286E-4	-7.81269E0
9.54813E-4	-7.84523E0
9.56767E-4	-7.78784E0
9.58719E-4	-7.86216E0
9.60672E-4	-7.73853E0
9.62626E-4	-7.90582E0
9.64579E-4	-7.79171E0
9.66532E-4	-8.01271E0
9.68485E-4	-8.26337E0
9.70438E-4	-8.03483E0
9.72391E-4	-8.04752E0
9.74344E-4	-8.20029E0
9.76298E-4	-8.05241E0
9.78251E-4	-8.36722E0
9.80204E-4	-8.40516E0
9.82157E-4	-8.46526E0
9.8411E-4	-8.6027E0
9.86063E-4	-8.5673E0
9.88017E-4	-8.66116E0
9.8997E-4	-8.66505E0
9.91923E-4	-8.62416E0
9.93876E-4	-8.97353E0
9.95829E-4	-8.95999E0
9.97782E-4	-8.99377E0
9.99735E-4	-8.99477E0
1.00169E-3	-9.04109E0
1.00364E-3	-9.40309E0
1.00559E-3	-9.43603E0
1.00755E-3	-9.46722E0
1.0095E-3	-9.44439E0
1.01145E-3	-9.57874E0
1.01341E-3	-9.88988E0
1.01536E-3	-9.69349E0
1.01731E-3	-9.84412E0
1.01927E-3	-9.92796E0
1.02122E-3	-1.02221E1
1.02317E-3	-1.01716E1
1.02513E-3	-1.02828E1
1.02708E-3	-1.05286E1
1.02903E-3	-1.05581E1
1.03098E-3	-1.04513E1
1.03294E-3	-1.07E1
1.03489E-3	-1.09592E1
1.03684E-3	-1.08234E1
1.0388E-3	-1.09766E1
1.04075E-3	-1.13003E1
1.0427E-3	-1.12961E1
1.04466E-3	-1.13506E1
1.04661E-3	-1.17032E1
1.04856E-3	-1.17562E1
1.05052E-3	-1.19679E1
1.05247E-3	-1.209E1
1.05442E-3	-1.20642E1
1.05638E-3	-1.23001E1
1.05833E-3	-1.2346E1
1.06028E-3	-1.26417E1
1.06223E-3	-1.26215E1
1.06419E-3	-1.29838E1
1.06614E-3	-1.30572E1
1.06809E-3	-1.33138E1
1.07005E-3	-1.35175E1
1.072E-3	-1.36057E1
1.07395E-3	-1.38206E1
1.07591E-3	-1.4024E1
1.07786E-3	-1.41161E1
1.07981E-3	-1.43759E1
1.08177E-3	-1.45286E1
1.08372E-3	-1.48179E1
1.08567E-3	-1.496E1
1.08763E-3	-1.52297E1
1.08958E-3	-1.55219E1
1.09153E-3	-1.5663E1
1.09348E-3	-1.57944E1
1.09544E-3	-1.61206E1
1.09739E-3	-1.63133E1
1.09934E-3	-1.65496E1
1.1013E-3	-1.68431E1
1.10325E-3	-1.69946E1
1.1052E-3	-1.73903E1
1.10716E-3	-1.7647E1
1.10911E-3	-1.79188E1
1.11106E-3	-1.81778E1
1.11302E-3	-1.83712E1
1.11497E-3	-1.88227E1
1.11692E-3	-1.90921E1
1.11888E-3	-1.94659E1
1.12083E-3	-1.96563E1
1.12278E-3	-2.01503E1
1.12473E-3	-2.04701E1
1.12669E-3	-2.09338E1
1.12864E-3	-2.11289E1
1.1306E-3	-2.13723E1
1.13255E-3	-2.17786E1
1.1345E-3	-2.22316E1
1.13645E-3	-2.25892E1
1.13841E-3	-2.29251E1
1.14036E-3	-2.32853E1
1.14231E-3	-2.38318E1
1.14427E-3	-2.43116E1
1.14622E-3	-2.462E1
1.14817E-3	-2.50278E1
1.15013E-3	-2.55745E1
1.15208E-3	-2.59512E1
1.15403E-3	-2.63844E1
1.15599E-3	-2.67623E1
1.15794E-3	-2.73047E1
1.15989E-3	-2.77747E1
1.16184E-3	-2.83565E1
1.1638E-3	-2.88118E1
1.16575E-3	-2.93157E1
1.1677E-3	-2.9827E1
1.16966E-3	-3.03325E1
1.17161E-3	-3.08384E1
1.17356E-3	-3.13576E1
1.17552E-3	-3.19441E1
1.17747E-3	-3.24578E1
1.17942E-3	-3.29898E1
1.18138E-3	-3.35981E1
1.18333E-3	-3.41338E1
1.18528E-3	-3.47905E1
1.18724E-3	-3.52788E1
1.18919E-3	-3.60764E1
1.19114E-3	-3.65458E1
1.19309E-3	-3.71549E1
1.19505E-3	-3.77777E1
1.197E-3	-3.84044E1
1.19895E-3	-3.91827E1
1.20091E-3	-3.97653E1
1.20286E-3	-4.04758E1
1.20481E-3	-4.11253E1
1.20677E-3	-4.18044E1
1.20872E-3	-4.251E1
1.21067E-3	-4.31579E1
1.21263E-3	-4.38443E1
1.21458E-3	-4.46978E1
1.21653E-3	-4.54451E1
1.21849E-3	-4.61621E1
1.22044E-3	-4.68348E1
1.22239E-3	-4.76489E1
1.22434E-3	-4.83582E1
1.2263E-3	-4.91691E1
1.22825E-3	-5.0048E1
1.2302E-3	-5.08338E1
1.23216E-3	-5.17116E1
1.23411E-3	-5.24733E1
1.23606E-3	-5.33061E1
1.23802E-3	-5.40777E1
1.23997E-3	-5.50928E1
1.24192E-3	-5.58993E1
1.24388E-3	-5.6705E1
1.24583E-3	-5.77455E1
1.24778E-3	-5.8537E1
1.24973E-3	-5.96002E1
1.25169E-3	-6.0509E1
1.25364E-3	-6.1459E1
1.25559E-3	-6.25606E1
1.25755E-3	-6.34808E1
1.2595E-3	-6.44103E1
1.26145E-3	-6.54692E1
1.26341E-3	-6.65592E1
1.26536E-3	-6.76145E1
1.26731E-3	-6.87211E1
1.26927E-3	-6.98056E1
1.27122E-3	-7.08302E1
1.27317E-3	-7.19251E1
1.27513E-3	-7.30315E1
1.27708E-3	-7.41813E1
1.27903E-3	-7.5452E1
1.28098E-3	-7.66541E1
1.28294E-3	-7.78878E1
1.28489E-3	-7.89573E1
1.28684E-3	-8.0165E1
1.2888E-3	-8.14498E1
1.29075E-3	-8.27837E1
1.2927E-3	-8.41436E1
1.29466E-3	-8.53891E1
1.29661E-3	-8.68568E1
1.29856E-3	-8.80651E1
1.30052E-3	-8.9435E1
1.30247E-3	-9.07857E1
1.30442E-3	-9.22521E1
1.30638E-3	-9.37112E1
1.30833E-3	-9.49693E1
1.31028E-3	-9.65804E1
1.31224E-3	-9.8008E1
1.31419E-3	-9.94481E1
1.31614E-3	-1.01099E2
1.3181E-3	-1.02546E2
1.32005E-3	-1.04016E2
1.322E-3	-1.05574E2
1.32395E-3	-1.0711E2
1.32591E-3	-1.08648E2
1.32786E-3	-1.10232E2
1.32981E-3	-1.11847E2
1.33177E-3	-1.13508E2
1.33372E-3	-1.1515E2
1.33567E-3	-1.16788E2
1.33763E-3	-1.18383E2
1.33958E-3	-1.2019E2
1.34153E-3	-1.2176E2
1.34348E-3	-1.23597E2
1.34544E-3	-1.25272E2
1.34739E-3	-1.27096E2
1.34934E-3	-1.28873E2
1.3513E-3	-1.30431E2
1.35325E-3	-1.32434E2
1.3552E-3	-1.34232E2
1.35716E-3	-1.35924E2
1.35911E-3	-1.37978E2
1.36106E-3	-1.39676E2
1.36302E-3	-1.41502E2
1.36497E-3	-1.43402E2
1.36692E-3	-1.4505E2
1.36888E-3	-1.47086E2
1.37083E-3	-1.48941E2
1.37278E-3	-1.51404E2
1.37473E-3	-1.53072E2
1.37669E-3	-1.54805E2
1.37864E-3	-1.56639E2
1.3806E-3	-1.5849E2
1.38255E-3	-1.60457E2
1.3845E-3	-1.62317E2
1.38645E-3	-1.64308E2
1.38841E-3	-1.66028E2
1.39036E-3	-1.68011E2
1.39231E-3	-1.69978E2
1.39427E-3	-1.71711E2
1.39622E-3	-1.73816E2
1.39817E-3	-1.75596E2
1.40013E-3	-1.77385E2
1.40208E-3	-1.79514E2
1.40403E-3	-1.81194E2
1.40598E-3	-1.8327E2
1.40794E-3	-1.85359E2
1.40989E-3	-1.87088E2
1.41185E-3	-1.89121E2
1.4138E-3	-1.91062E2
1.41575E-3	-1.92937E2
1.4177E-3	-1.94899E2
1.41966E-3	-1.96881E2
1.42161E-3	-1.98857E2
1.42356E-3	-2.00833E2
1.42552E-3	-2.02551E2
1.42747E-3	-2.04546E2
1.42942E-3	-2.06422E2
1.43138E-3	-2.08343E2
1.43333E-3	-2.10338E2
1.43528E-3	-2.12305E2
1.43724E-3	-2.1429E2
1.43919E-3	-2.16264E2
1.44114E-3	-2.18163E2
1.44309E-3	-2.20225E2
1.44505E-3	-2.22188E2
1.447E-3	-2.24197E2
1.44895E-3	-2.26086E2
1.45091E-3	-2.28111E2
1.45286E-3	-2.30091E2
1.45481E-3	-2.32185E2
1.45677E-3	-2.34234E2
1.45872E-3	-2.36051E2
1.46067E-3	-2.38252E2
1.46263E-3	-2.40374E2
1.46458E-3	-2.42288E2
1.46653E-3	-2.44263E2
1.46848E-3	-2.46364E2
1.47044E-3	-2.4843E2
1.47239E-3	-2.50479E2
1.47434E-3	-2.52588E2
1.4763E-3	-2.54572E2
1.47825E-3	-2.56638E2
1.4802E-3	-2.58547E2
1.48216E-3	-2.60705E2
1.48411E-3	-2.62683E2
1.48606E-3	-2.64601E2
1.48802E-3	-2.66857E2
1.48997E-3	-2.68599E2
1.49192E-3	-2.70663E2
1.49388E-3	-2.72429E2
1.49583E-3	-2.74346E2
1.49778E-3	-2.76416E2
1.49974E-3	-2.78061E2
1.50169E-3	-2.79972E2
1.50364E-3	-2.81712E2
1.50559E-3	-2.83508E2
1.50755E-3	-2.85295E2
1.5095E-3	-2.87103E2
1.51145E-3	-2.88942E2
1.51341E-3	-2.90599E2
1.51536E-3	-2.92311E2
1.51731E-3	-2.94025E2
1.51927E-3	-2.95628E2
1.52122E-3	-2.9742E2
1.52317E-3	-2.9902E2
1.52513E-3	-3.00519E2
1.52708E-3	-3.02191E2
1.52903E-3	-3.03547E2
1.53098E-3	-3.05152E2
1.53294E-3	-3.06679E2
1.53489E-3	-3.08293E2
1.53684E-3	-3.09749E2
1.5388E-3	-3.11357E2
1.54075E-3	-3.12671E2
1.5427E-3	-3.14802E2
1.54466E-3	-3.16684E2
1.54661E-3	-3.17215E2
1.54856E-3	-3.1902E2
1.55052E-3	-3.20102E2
1.55247E-3	-3.21859E2
1.55442E-3	-3.23398E2
1.55638E-3	-3.24842E2
1.55833E-3	-3.26295E2
1.56028E-3	-3.27701E2
1.56223E-3	-3.29066E2
1.56419E-3	-3.3035E2
1.56614E-3	-3.31612E2
1.56809E-3	-3.32746E2
1.57005E-3	-3.34017E2
1.572E-3	-3.35118E2
1.57395E-3	-3.36053E2
1.57591E-3	-3.37087E2
1.57786E-3	-3.3791E2
1.57981E-3	-3.38958E2
1.58177E-3	-3.39817E2
1.58372E-3	-3.4059E2
1.58567E-3	-3.41324E2
1.58763E-3	-3.42212E2
1.58958E-3	-3.43012E2
1.59153E-3	-3.43685E2
1.59348E-3	-3.44413E2
1.59544E-3	-3.45249E2
1.59739E-3	-3.4599E2
1.59934E-3	-3.46697E2
1.6013E-3	-3.47478E2
1.60325E-3	-3.48226E2
1.6052E-3	-3.48775E2
1.60716E-3	-3.49611E2
1.60911E-3	-3.50281E2
1.61106E-3	-3.50913E2
1.61302E-3	-3.51359E2
1.61497E-3	-3.52048E2
1.61692E-3	-3.52489E2
1.61888E-3	-3.53095E2
1.62083E-3	-3.53499E2
1.62278E-3	-3.53817E2
1.62473E-3	-3.54175E2
1.62669E-3	-3.54509E2
1.62864E-3	-3.54779E2
1.6306E-3	-3.54861E2
1.63255E-3	-3.55262E2
1.6345E-3	-3.55199E2
1.63645E-3	-3.55396E2
1.63841E-3	-3.55624E2
1.64036E-3	-3.55567E2
1.64231E-3	-3.5561E2
1.64427E-3	-3.55345E2
1.64622E-3	-3.55461E2
1.64817E-3	-3.5522E2
1.65013E-3	-3.55019E2
1.65208E-3	-3.54793E2
1.65403E-3	-3.54595E2
1.65598E-3	-3.54224E2
1.65794E-3	-3.53953E2
1.65989E-3	-3.53595E2
1.66184E-3	-3.53088E2
1.6638E-3	-3.52783E2
1.66575E-3	-3.52337E2
1.6677E-3	-3.51679E2
1.66966E-3	-3.51144E2
1.67161E-3	-3.50565E2
1.67356E-3	-3.4989E2
1.67552E-3	-3.49247E2
1.67747E-3	-3.48645E2
1.67942E-3	-3.47922E2
1.68138E-3	-3.47236E2
1.68333E-3	-3.46363E2
1.68528E-3	-3.45566E2
1.68723E-3	-3.44845E2
1.68919E-3	-3.43877E2
1.69114E-3	-3.43133E2
1.69309E-3	-3.42432E2
1.69505E-3	-3.41374E2
1.697E-3	-3.405E2
1.69895E-3	-3.39566E2
1.70091E-3	-3.38542E2
1.70286E-3	-3.37709E2
1.70481E-3	-3.36641E2
1.70677E-3	-3.3566E2
1.70872E-3	-3.34656E2
1.71067E-3	-3.33595E2
1.71263E-3	-3.32836E2
1.71458E-3	-3.31764E2
1.71653E-3	-3.30798E2
1.71848E-3	-3.29712E2
1.72044E-3	-3.28689E2
1.72239E-3	-3.2784E2
1.72434E-3	-3.26733E2
1.7263E-3	-3.25843E2
1.72825E-3	-3.24561E2
1.7302E-3	-3.23724E2
1.73216E-3	-3.226E2
1.73411E-3	-3.21349E2
1.73606E-3	-3.20383E2
1.73802E-3	-3.19122E2
1.73997E-3	-3.1831E2
1.74192E-3	-3.16797E2
1.74388E-3	-3.15558E2
1.74583E-3	-3.14222E2
1.74778E-3	-3.13162E2
1.74973E-3	-3.11891E2
1.75169E-3	-3.10495E2
1.75364E-3	-3.0922E2
1.75559E-3	-3.07958E2
1.75755E-3	-3.06637E2
1.7595E-3	-3.05205E2
1.76145E-3	-3.03998E2
1.76341E-3	-3.02826E2
1.76536E-3	-3.01376E2
1.76731E-3	-2.99981E2
1.76927E-3	-2.98818E2
1.77122E-3	-2.97646E2
1.77317E-3	-2.96186E2
1.77513E-3	-2.94956E2
1.77708E-3	-2.93744E2
1.77903E-3	-2.92439E2
1.78098E-3	-2.91165E2
1.78294E-3	-2.89764E2
1.78489E-3	-2.88645E2
1.78684E-3	-2.87374E2
1.7888E-3	-2.86045E2
1.79075E-3	-2.8474E2
1.7927E-3	-2.835E2
1.79466E-3	-2.8222E2
1.79661E-3	-2.80894E2
1.79856E-3	-2.79744E2
1.80052E-3	-2.78635E2
1.80247E-3	-2.77216E2
1.80442E-3	-2.75808E2
1.80638E-3	-2.74591E2
1.80833E-3	-2.73422E2
1.81028E-3	-2.72033E2
1.81224E-3	-2.70619E2
1.81419E-3	-2.69407E2
1.81614E-3	-2.68181E2
1.8181E-3	-2.66649E2
1.82005E-3	-2.65319E2
1.822E-3	-2.63991E2
1.82395E-3	-2.62729E2
1.82591E-3	-2.61278E2
1.82786E-3	-2.59861E2
1.82981E-3	-2.58684E2
1.83177E-3	-2.5721E2
1.83372E-3	-2.55777E2
1.83567E-3	-2.54496E2
1.83763E-3	-2.53011E2
1.83958E-3	-2.5141E2
1.84153E-3	-2.49967E2
1.84348E-3	-2.48555E2
1.84544E-3	-2.47053E2
1.84739E-3	-2.45523E2
1.84934E-3	-2.4397E2
1.8513E-3	-2.42497E2
1.85325E-3	-2.40954E2
1.8552E-3	-2.3957E2
1.85716E-3	-2.38068E2
1.85911E-3	-2.36275E2
1.86106E-3	-2.35008E2
1.86302E-3	-2.33463E2
1.86497E-3	-2.31948E2
1.86692E-3	-2.30512E2
1.86888E-3	-2.29005E2
1.87083E-3	-2.27386E2
1.87278E-3	-2.25701E2
1.87473E-3	-2.24342E2
1.87669E-3	-2.22763E2
1.87864E-3	-2.20969E2
1.88059E-3	-2.19651E2
1.88255E-3	-2.18141E2
1.8845E-3	-2.16314E2
1.88645E-3	-2.14728E2
1.88841E-3	-2.13178E2
1.89036E-3	-2.11504E2
1.89231E-3	-2.09886E2
1.89427E-3	-2.08208E2
1.89622E-3	-2.06377E2
1.89817E-3	-2.04891E2
1.90013E-3	-2.03226E2
1.90208E-3	-2.01392E2
1.90403E-3	-1.99938E2
1.90598E-3	-1.98222E2
1.90794E-3	-1.96425E2
1.90989E-3	-1.94901E2
1.91184E-3	-1.93225E2
1.9138E-3	-1.91475E2
1.91575E-3	-1.89867E2
1.9177E-3	-1.88057E2
1.91966E-3	-1.86406E2
1.92161E-3	-1.84742E2
1.92356E-3	-1.82947E2
1.92552E-3	-1.8132E2
1.92747E-3	-1.79532E2
1.92942E-3	-1.77848E2
1.93138E-3	-1.76042E2
1.93333E-3	-1.74419E2
1.93528E-3	-1.72476E2
1.93723E-3	-1.70797E2
1.93919E-3	-1.69145E2
1.94114E-3	-1.67156E2
1.94309E-3	-1.65591E2
1.94505E-3	-1.63736E2
1.947E-3	-1.62028E2
1.94895E-3	-1.6038E2
1.95091E-3	-1.58546E2
1.95286E-3	-1.56913E2
1.95481E-3	-1.55225E2
1.95677E-3	-1.53584E2
1.95872E-3	-1.51857E2
1.96067E-3	-1.50198E2
1.96263E-3	-1.48592E2
1.96458E-3	-1.46911E2
1.96653E-3	-1.45328E2
1.96848E-3	-1.43535E2
1.97044E-3	-1.4194E2
1.97239E-3	-1.40442E2
1.97434E-3	-1.38835E2
1.9763E-3	-1.37068E2
1.97825E-3	-1.35505E2
1.9802E-3	-1.33822E2
1.98216E-3	-1.32054E2
1.98411E-3	-1.30724E2
1.98606E-3	-1.28925E2
1.98802E-3	-1.27273E2
1.98997E-3	-1.25719E2
1.99192E-3	-1.23989E2
1.99388E-3	-1.22441E2
1.99583E-3	-1.21054E2
1.99778E-3	-1.19365E2
1.99973E-3	-1.17638E2
2.00169E-3	-1.16098E2
2.00364E-3	-1.14619E2
2.00559E-3	-1.12932E2
2.00755E-3	-1.11431E2
2.0095E-3	-1.0979E2
2.01145E-3	-1.08097E2
2.01341E-3	-1.06595E2
2.01536E-3	-1.05083E2
2.01731E-3	-1.03339E2
2.01927E-3	-1.01785E2
2.02122E-3	-1.00195E2
2.02317E-3	-9.85022E1
2.02513E-3	-9.68221E1
2.02708E-3	-9.54073E1
2.02903E-3	-9.37667E1
2.03098E-3	-9.20402E1
2.03294E-3	-9.06397E1
2.03489E-3	-8.88234E1
2.03684E-3	-8.7188E1
2.0388E-3	-8.55871E1
2.04075E-3	-8.38139E1
2.0427E-3	-8.22133E1
2.04466E-3	-8.07488E1
2.04661E-3	-7.88565E1
2.04856E-3	-7.72846E1
2.05052E-3	-7.56829E1
2.05247E-3	-7.39662E1
2.05442E-3	-7.23599E1
2.05638E-3	-7.09436E1
2.05833E-3	-6.91283E1
2.06028E-3	-6.74434E1
2.06223E-3	-6.57487E1
2.06419E-3	-6.41646E1
2.06614E-3	-6.24994E1
2.06809E-3	-6.10755E1
2.07005E-3	-5.94015E1
2.072E-3	-5.76299E1
2.07395E-3	-5.60368E1
2.07591E-3	-5.45158E1
2.07786E-3	-5.2706E1
2.07981E-3	-5.12402E1
2.08177E-3	-4.95204E1
2.08372E-3	-4.7969E1
2.08567E-3	-4.63676E1
2.08763E-3	-4.4658E1
2.08958E-3	-4.29166E1
2.09153E-3	-4.14478E1
2.09349E-3	-3.97378E1
2.09544E-3	-3.79014E1
2.09739E-3	-3.63435E1
2.09934E-3	-3.45214E1
2.1013E-3	-3.28431E1
2.10325E-3	-3.13337E1
2.1052E-3	-2.95193E1
2.10716E-3	-2.77644E1
2.10911E-3	-2.61264E1
2.11106E-3	-2.44386E1
2.11302E-3	-2.28191E1
2.11497E-3	-2.11974E1
2.11692E-3	-1.94429E1
2.11888E-3	-1.77571E1
2.12083E-3	-1.63161E1
2.12278E-3	-1.4665E1
2.12473E-3	-1.30057E1
2.12669E-3	-1.14887E1
2.12864E-3	-9.8696E0
2.13059E-3	-8.39942E0
2.13255E-3	-6.85594E0
2.1345E-3	-5.52112E0
2.13645E-3	-3.91501E0
2.13841E-3	-2.7766E0
2.14036E-3	-1.63448E0
2.14231E-3	4.43347E-1
2.14427E-3	1.54951E0
2.14622E-3	2.974E0
2.14817E-3	4.28755E0
2.15013E-3	5.69244E0
2.15208E-3	7.03204E0
2.15403E-3	8.1285E0
2.15599E-3	9.46502E0
2.15794E-3	1.07443E1
2.15989E-3	1.20073E1
2.16184E-3	1.30784E1
2.1638E-3	1.43544E1
2.16575E-3	1.54162E1
2.1677E-3	1.65584E1
2.16966E-3	1.76188E1
2.17161E-3	1.87366E1
2.17356E-3	1.98669E1
2.17552E-3	2.0845E1
2.17747E-3	2.19374E1
2.17942E-3	2.28532E1
2.18138E-3	2.37989E1
2.18333E-3	2.47424E1
2.18528E-3	2.56633E1
2.18724E-3	2.66421E1
2.18919E-3	2.74091E1
2.19114E-3	2.81543E1
2.19309E-3	2.89557E1
2.19505E-3	2.97321E1
2.197E-3	3.05331E1
2.19895E-3	3.116E1
2.20091E-3	3.18115E1
2.20286E-3	3.22635E1
2.20481E-3	3.29579E1
2.20677E-3	3.35432E1
2.20872E-3	3.40527E1
2.21067E-3	3.45177E1
2.21263E-3	3.50449E1
2.21458E-3	3.56266E1
2.21653E-3	3.59893E1
2.21849E-3	3.65029E1
2.22044E-3	3.68081E1
2.22239E-3	3.70743E1
2.22434E-3	3.75845E1
2.2263E-3	3.808E1
2.22825E-3	3.84368E1
2.2302E-3	3.86542E1
2.23216E-3	3.8828E1
2.23411E-3	3.91408E1
2.23606E-3	3.94188E1
2.23802E-3	3.96794E1
2.23997E-3	3.98376E1
2.24192E-3	4.00104E1
2.24388E-3	4.00396E1
2.24583E-3	4.0234E1
2.24778E-3	4.04089E1
2.24973E-3	4.02946E1
2.25169E-3	4.06013E1
2.25364E-3	4.06575E1
2.2556E-3	4.0586E1
2.25755E-3	4.05742E1
2.2595E-3	4.04979E1
2.26145E-3	4.04139E1
2.26341E-3	4.045E1
2.26536E-3	4.04034E1
2.26731E-3	4.03615E1
2.26927E-3	4.0333E1
2.27122E-3	4.02722E1
2.27317E-3	4.02773E1
2.27513E-3	4.00542E1
2.27708E-3	3.97424E1
2.27903E-3	3.97593E1
2.28098E-3	3.96676E1
2.28294E-3	3.92987E1
2.28489E-3	3.93313E1
2.28684E-3	3.89902E1
2.2888E-3	3.89166E1
2.29075E-3	3.87442E1
2.2927E-3	3.85705E1
2.29466E-3	3.86618E1
2.29661E-3	3.80583E1
2.29856E-3	3.80017E1
2.30052E-3	3.77716E1
2.30247E-3	3.763E1
2.30442E-3	3.73612E1
2.30638E-3	3.70532E1
2.30833E-3	3.67923E1
2.31028E-3	3.65409E1
2.31224E-3	3.63149E1
2.31419E-3	3.61121E1
2.31614E-3	3.56506E1
2.3181E-3	3.54461E1
2.32005E-3	3.52386E1
2.322E-3	3.46957E1
2.32395E-3	3.45625E1
2.32591E-3	3.42518E1
2.32786E-3	3.40165E1
2.32981E-3	3.36277E1
2.33177E-3	3.32399E1
2.33372E-3	3.29292E1
2.33567E-3	3.26217E1
2.33763E-3	3.23617E1
2.33958E-3	3.18833E1
2.34153E-3	3.17139E1
2.34348E-3	3.11838E1
2.34544E-3	3.09831E1
2.34739E-3	3.05685E1
2.34934E-3	3.04214E1
2.3513E-3	2.99978E1
2.35325E-3	2.96875E1
2.3552E-3	2.94881E1
2.35716E-3	2.90334E1
2.35911E-3	2.89553E1
2.36106E-3	2.83845E1
2.36302E-3	2.82861E1
2.36497E-3	2.80494E1
2.36692E-3	2.77707E1
2.36888E-3	2.74372E1
2.37083E-3	2.73657E1
2.37278E-3	2.72477E1
2.37473E-3	2.70247E1
2.37669E-3	2.68049E1
2.37864E-3	2.67812E1
2.38059E-3	2.64858E1
2.38255E-3	2.62584E1
2.3845E-3	2.62332E1
2.38645E-3	2.58372E1
2.38841E-3	2.57574E1
2.39036E-3	2.58119E1
2.39231E-3	2.56821E1
2.39427E-3	2.52794E1
2.39622E-3	2.52157E1
2.39817E-3	2.51772E1
2.40013E-3	2.51446E1
2.40208E-3	2.49317E1
2.40403E-3	2.49186E1
2.40598E-3	2.48534E1
2.40794E-3	2.48686E1
2.40989E-3	2.45489E1
2.41184E-3	2.44251E1
2.4138E-3	2.43713E1
2.41575E-3	2.43566E1
2.4177E-3	2.42855E1
2.41966E-3	2.4243E1
2.42161E-3	2.4311E1
2.42356E-3	2.42447E1
2.42552E-3	2.41313E1
2.42747E-3	2.41779E1
2.42942E-3	2.41061E1
2.43138E-3	2.4411E1
2.43333E-3	2.43898E1
2.43528E-3	2.4366E1
2.43724E-3	2.44293E1
2.43919E-3	2.44936E1
2.44114E-3	2.47973E1
2.44309E-3	2.49836E1
2.44505E-3	2.50425E1
2.447E-3	2.53695E1
2.44895E-3	2.55504E1
2.45091E-3	2.58629E1
2.45286E-3	2.59476E1
2.45481E-3	2.61564E1
2.45677E-3	2.66015E1
2.45872E-3	2.67098E1
2.46067E-3	2.70552E1
2.46263E-3	2.71557E1
2.46458E-3	2.75147E1
2.46653E-3	2.79743E1
2.46848E-3	2.82251E1
2.47044E-3	2.83446E1
2.47239E-3	2.86418E1
2.47434E-3	2.89485E1
2.4763E-3	2.92816E1
2.47825E-3	2.95744E1
2.4802E-3	2.99965E1
2.48216E-3	3.02495E1
2.48411E-3	3.04914E1
2.48606E-3	3.08542E1
2.48802E-3	3.11936E1
2.48997E-3	3.14747E1
2.49192E-3	3.14947E1
2.49388E-3	3.21054E1
2.49583E-3	3.23603E1
2.49778E-3	3.26663E1
2.49974E-3	3.30002E1
2.50169E-3	3.3377E1
2.50364E-3	3.36085E1
2.5056E-3	3.3821E1
2.50755E-3	3.4422E1
2.5095E-3	3.45891E1
2.51145E-3	3.50176E1
2.51341E-3	3.54341E1
2.51536E-3	3.56983E1
2.51731E-3	3.58483E1
2.51927E-3	3.62024E1
2.52122E-3	3.66122E1
2.52317E-3	3.68011E1
2.52513E-3	3.7317E1
2.52708E-3	3.75316E1
2.52903E-3	3.79486E1
2.53098E-3	3.82309E1
2.53294E-3	3.85609E1
2.53489E-3	3.89434E1
2.53684E-3	3.9169E1
2.5388E-3	3.93972E1
2.54075E-3	3.97024E1
2.5427E-3	3.98914E1
2.54466E-3	4.01701E1
2.54661E-3	4.03487E1
2.54856E-3	4.05173E1
2.55052E-3	4.09793E1
2.55247E-3	4.10793E1
2.55442E-3	4.1371E1
2.55638E-3	4.14288E1
2.55833E-3	4.14651E1
2.56028E-3	4.18041E1
2.56223E-3	4.19535E1
2.56419E-3	4.19517E1
2.56614E-3	4.21995E1
2.56809E-3	4.24104E1
2.57005E-3	4.24928E1
2.572E-3	4.24093E1
2.57395E-3	4.26939E1
2.57591E-3	4.28148E1
2.57786E-3	4.30043E1
2.57981E-3	4.26926E1
2.58177E-3	4.2785E1
2.58372E-3	4.3059E1
2.58567E-3	4.29744E1
2.58763E-3	4.3038E1
2.58958E-3	4.33205E1
2.59153E-3	4.32409E1
2.59348E-3	4.32403E1
2.59544E-3	4.30864E1
2.59739E-3	4.27228E1
2.59934E-3	4.27052E1
2.6013E-3	4.26396E1
2.60325E-3	4.26203E1
2.6052E-3	4.25406E1
2.60716E-3	4.26033E1
2.60911E-3	4.28825E1
2.61106E-3	4.28107E1
2.61302E-3	4.27916E1
2.61497E-3	4.27191E1
2.61692E-3	4.27225E1
2.61888E-3	4.24963E1
2.62083E-3	4.21741E1
2.62278E-3	4.21097E1
2.62473E-3	4.1605E1
2.62669E-3	4.09592E1
2.62864E-3	4.0267E1
2.63059E-3	3.94758E1
2.63255E-3	3.86906E1
2.6345E-3	3.77035E1
2.63645E-3	3.6714E1
2.63841E-3	3.58497E1
2.64036E-3	3.47547E1
2.64231E-3	3.38711E1
2.64427E-3	3.30688E1
2.64622E-3	3.1949E1
2.64817E-3	3.10514E1
2.65013E-3	3.01483E1
2.65208E-3	2.9123E1
2.65403E-3	2.84871E1
2.65598E-3	2.76049E1
2.65794E-3	2.67405E1
2.65989E-3	2.58773E1
2.66184E-3	2.49563E1
2.6638E-3	2.40303E1
2.66575E-3	2.30693E1
2.6677E-3	2.18245E1
2.66966E-3	2.06031E1
2.67161E-3	1.94686E1
2.67356E-3	1.82098E1
2.67552E-3	1.68715E1
2.67747E-3	1.54954E1
2.67942E-3	1.40002E1
2.68138E-3	1.2702E1
2.68333E-3	1.1242E1
2.68528E-3	9.62106E0
2.68723E-3	8.07688E0
2.68919E-3	6.63752E0
2.69114E-3	5.05893E0
2.6931E-3	3.38754E0
2.69505E-3	2.18592E0
2.697E-3	6.82813E-1
2.69895E-3	-7.59491E-1
2.70091E-3	-2.06207E0
2.70286E-3	-3.27446E0
2.70481E-3	-4.5505E0
2.70677E-3	-5.72488E0
2.70872E-3	-6.95029E0
2.71067E-3	-8.07275E0
2.71263E-3	-9.15555E0
2.71458E-3	-1.01778E1
2.71653E-3	-1.1447E1
2.71848E-3	-1.22799E1
2.72044E-3	-1.46725E1
2.72239E-3	-1.5082E1
2.72434E-3	-1.52334E1
2.7263E-3	-1.65113E1
2.72825E-3	-1.72338E1
2.7302E-3	-1.83127E1
2.73216E-3	-1.90809E1
2.73411E-3	-2.01771E1
2.73606E-3	-2.09792E1
2.73802E-3	-2.19264E1
2.73997E-3	-2.27194E1
2.74192E-3	-2.33962E1
2.74388E-3	-2.40695E1
2.74583E-3	-2.45581E1
2.74778E-3	-2.52332E1
2.74973E-3	-2.56952E1
2.75169E-3	-2.6186E1
2.75364E-3	-2.64885E1
2.7556E-3	-2.68353E1
2.75755E-3	-2.71528E1
2.7595E-3	-2.74009E1
2.76145E-3	-2.76192E1
2.76341E-3	-2.76473E1
2.76536E-3	-2.77455E1
2.76731E-3	-2.78193E1
2.76927E-3	-2.76778E1
2.77122E-3	-2.78604E1
2.77317E-3	-2.79722E1
2.77513E-3	-2.80359E1
2.77708E-3	-2.75209E1
2.77903E-3	-2.73961E1
2.78098E-3	-2.69673E1
2.78294E-3	-2.66321E1
2.78489E-3	-2.6247E1
2.78684E-3	-2.58213E1
2.7888E-3	-2.54494E1
2.79075E-3	-2.4867E1
2.7927E-3	-2.44576E1
2.79466E-3	-2.3796E1
2.79661E-3	-2.3473E1
2.79856E-3	-2.28105E1
2.80052E-3	-2.22928E1
2.80247E-3	-2.18642E1
2.80442E-3	-2.12236E1
2.80638E-3	-2.09478E1
2.80833E-3	-2.03355E1
2.81028E-3	-1.99864E1
2.81224E-3	-1.97649E1
2.81419E-3	-1.94136E1
2.81614E-3	-1.89521E1
2.8181E-3	-1.87448E1
2.82005E-3	-1.8504E1
2.822E-3	-1.81798E1
2.82395E-3	-1.80131E1
2.82591E-3	-1.77725E1
2.82786E-3	-1.74798E1
2.82981E-3	-1.69961E1
2.83177E-3	-1.69723E1
2.83372E-3	-1.67881E1
2.83567E-3	-1.56628E1
2.83763E-3	-1.54241E1
2.83958E-3	-1.4911E1
2.84153E-3	-1.44967E1
2.84348E-3	-1.39812E1
2.84544E-3	-1.34577E1
2.84739E-3	-1.29731E1
2.84934E-3	-1.24884E1
2.8513E-3	-1.20365E1
2.85325E-3	-1.16672E1
2.8552E-3	-1.1123E1
2.85716E-3	-1.08811E1
2.85911E-3	-1.05734E1
2.86106E-3	-1.0323E1
2.86302E-3	-1.00804E1
2.86497E-3	-9.87396E0
2.86692E-3	-9.57062E0
2.86888E-3	-9.24973E0
2.87083E-3	-8.96292E0
2.87278E-3	-8.75826E0
2.87473E-3	-8.47443E0
2.87669E-3	-7.95207E0
2.87864E-3	-7.83077E0
2.88059E-3	-7.51411E0
2.88255E-3	-6.91489E0
2.8845E-3	-6.57574E0
2.88645E-3	-6.35122E0
2.88841E-3	-5.84435E0
2.89036E-3	-5.54139E0
2.89231E-3	-5.03271E0
2.89427E-3	-4.56382E0
2.89622E-3	-4.19159E0
2.89817E-3	-3.79705E0
2.90013E-3	-3.35114E0
2.90208E-3	-2.85283E0
2.90403E-3	-2.25337E0
2.90598E-3	-1.87559E0
2.90794E-3	-1.29124E0
2.90989E-3	-7.77147E-1
2.91184E-3	-2.25818E-1
2.9138E-3	3.66975E-1
2.91575E-3	1.08374E0
2.9177E-3	1.5296E0
2.91966E-3	2.25717E0
2.92161E-3	2.966E0
2.92356E-3	3.80731E0
2.92552E-3	4.58771E0
2.92747E-3	5.50171E0
2.92942E-3	6.2174E0
2.93138E-3	7.29464E0
2.93333E-3	8.25694E0
2.93528E-3	9.13796E0
2.93723E-3	1.01921E1
2.93919E-3	1.09465E1
2.94114E-3	1.21178E1
2.94309E-3	1.29694E1
2.94505E-3	1.39975E1
2.947E-3	1.50052E1
2.94895E-3	1.57699E1
2.95091E-3	1.685E1
2.95286E-3	1.77657E1
2.95481E-3	1.87084E1
2.95677E-3	1.97851E1
2.95872E-3	2.05815E1
2.96067E-3	2.15695E1
2.96263E-3	2.26447E1
2.96458E-3	2.35451E1
2.96653E-3	2.46496E1
2.96848E-3	2.52872E1
2.97044E-3	2.62853E1
2.97239E-3	2.732E1
2.97434E-3	2.79884E1
2.9763E-3	2.90206E1
2.97825E-3	2.97098E1
2.9802E-3	3.05003E1
2.98216E-3	3.14479E1
2.98411E-3	3.21174E1
2.98606E-3	3.29987E1
2.98802E-3	3.38256E1
2.98997E-3	3.45222E1
2.99192E-3	3.50881E1
2.99388E-3	3.58693E1
2.99583E-3	3.64526E1
2.99778E-3	3.71213E1
2.99973E-3	3.76186E1
3.00169E-3	3.82085E1
3.00364E-3	3.88835E1
3.00559E-3	3.95384E1
3.00755E-3	3.98773E1
3.0095E-3	4.06828E1
3.01145E-3	4.1148E1
3.01341E-3	4.16264E1
3.01536E-3	4.2184E1
3.01731E-3	4.26137E1
3.01927E-3	4.30754E1
3.02122E-3	4.35647E1
3.02317E-3	4.39719E1
3.02513E-3	4.43195E1
3.02708E-3	4.4711E1
3.02903E-3	4.51709E1
3.03098E-3	4.53093E1
3.03294E-3	4.57259E1
3.03489E-3	4.61055E1
3.03684E-3	4.63748E1
3.0388E-3	4.65261E1
3.04075E-3	4.68181E1
3.0427E-3	4.71788E1
3.04466E-3	4.74577E1
3.04661E-3	4.77952E1
3.04856E-3	4.7826E1
3.05052E-3	4.82044E1
3.05247E-3	4.83563E1
3.05442E-3	4.85615E1
3.05638E-3	4.87877E1
3.05833E-3	4.89455E1
3.06028E-3	4.91965E1
3.06224E-3	4.90276E1
3.06419E-3	4.93274E1
3.06614E-3	4.94739E1
3.06809E-3	4.94382E1
3.07005E-3	4.96295E1
3.072E-3	4.95208E1
3.07395E-3	4.94722E1
3.07591E-3	4.96626E1
3.07786E-3	4.98199E1
3.07981E-3	4.97139E1
3.08177E-3	4.96961E1
3.08372E-3	4.96306E1
3.08567E-3	4.95929E1
3.08763E-3	4.9538E1
3.08958E-3	4.94948E1
3.09153E-3	4.94419E1
3.09349E-3	4.93996E1
3.09544E-3	4.93431E1
3.09739E-3	4.93078E1
3.09934E-3	4.92335E1
3.1013E-3	4.91295E1
3.10325E-3	4.91692E1
3.1052E-3	4.90962E1
3.10716E-3	4.90705E1
3.10911E-3	4.89936E1
3.11106E-3	4.89911E1
3.11302E-3	4.88161E1
3.11497E-3	4.85151E1
3.11692E-3	4.84812E1
3.11888E-3	4.83468E1
3.12083E-3	4.83641E1
3.12278E-3	4.81857E1
3.12473E-3	4.78695E1
3.12669E-3	4.79352E1
3.12864E-3	4.7608E1
3.13059E-3	4.74322E1
3.13255E-3	4.71948E1
3.1345E-3	4.71815E1
3.13645E-3	4.68947E1
3.13841E-3	4.64419E1
3.14036E-3	4.63185E1
3.14231E-3	4.60563E1
3.14427E-3	4.54967E1
3.14622E-3	4.52652E1
3.14817E-3	4.48948E1
3.15013E-3	4.44665E1
3.15208E-3	4.41704E1
3.15403E-3	4.3791E1
3.15599E-3	4.31659E1
3.15794E-3	4.28554E1
3.15989E-3	4.23599E1
3.16184E-3	4.18804E1
3.1638E-3	4.14894E1
3.16575E-3	4.13187E1
3.1677E-3	4.07548E1
3.16966E-3	4.02705E1
3.17161E-3	3.99676E1
3.17356E-3	3.94415E1
3.17552E-3	3.91296E1
3.17747E-3	3.85309E1
3.17942E-3	3.82094E1
3.18138E-3	3.7814E1
3.18333E-3	3.73354E1
3.18528E-3	3.70415E1
3.18724E-3	3.66092E1
3.18919E-3	3.61548E1
3.19114E-3	3.57373E1
3.1931E-3	3.5544E1
3.19505E-3	3.53119E1
3.197E-3	3.46979E1
3.19895E-3	3.43938E1
3.20091E-3	3.40428E1
3.20286E-3	3.37554E1
3.20481E-3	3.33859E1
3.20677E-3	3.29888E1
3.20872E-3	3.2772E1
3.21067E-3	3.25521E1
3.21263E-3	3.20071E1
3.21458E-3	3.17803E1
3.21653E-3	3.14421E1
3.21849E-3	3.11018E1
3.22044E-3	3.09486E1
3.22239E-3	3.06273E1
3.22434E-3	3.03798E1
3.2263E-3	3.03363E1
3.22825E-3	3.01178E1
3.2302E-3	2.99661E1
3.23216E-3	2.97825E1
3.23411E-3	2.9462E1
3.23606E-3	2.94561E1
3.23802E-3	2.93745E1
3.23997E-3	2.93573E1
3.24192E-3	2.89837E1
3.24388E-3	2.88297E1
3.24583E-3	2.88141E1
3.24778E-3	2.87463E1
3.24973E-3	2.87078E1
3.25169E-3	2.86545E1
3.25364E-3	2.86023E1
3.2556E-3	2.85657E1
3.25755E-3	2.82062E1
3.2595E-3	2.81212E1
3.26145E-3	2.81525E1
3.26341E-3	2.79901E1
3.26536E-3	2.79784E1
3.26731E-3	2.79031E1
3.26927E-3	2.7822E1
3.27122E-3	2.77488E1
3.27317E-3	2.79516E1
3.27513E-3	2.81009E1
3.27708E-3	2.79959E1
3.27903E-3	2.79782E1
3.28098E-3	2.79071E1
3.28294E-3	2.78765E1
3.28489E-3	2.78058E1
3.28684E-3	2.80705E1
3.2888E-3	2.81397E1
3.29075E-3	2.80362E1
3.2927E-3	2.80394E1
3.29466E-3	2.79172E1
3.29661E-3	2.80846E1
3.29856E-3	2.82474E1
3.30052E-3	2.81261E1
3.30247E-3	2.81894E1
3.30442E-3	2.80214E1
3.30638E-3	2.79639E1
3.30833E-3	2.8016E1
3.31028E-3	2.79443E1
3.31224E-3	2.79281E1
3.31419E-3	2.7821E1
3.31614E-3	2.79439E1
3.31809E-3	2.79288E1
3.32005E-3	2.79105E1
3.322E-3	2.79199E1
3.32395E-3	2.78492E1
3.32591E-3	2.77161E1
3.32786E-3	2.77207E1
3.32981E-3	2.77687E1
3.33177E-3	2.76906E1
3.33372E-3	2.76475E1
3.33567E-3	2.77807E1
3.33763E-3	2.77401E1
3.33958E-3	2.7726E1
3.34153E-3	2.75774E1
3.34348E-3	2.75719E1
3.34544E-3	2.75323E1
3.34739E-3	2.73832E1
3.34934E-3	2.70175E1
3.3513E-3	2.7185E1
3.35325E-3	2.70088E1
3.3552E-3	2.68565E1
3.35716E-3	2.68643E1
3.35911E-3	2.70798E1
3.36106E-3	2.69459E1
3.36302E-3	2.6868E1
3.36497E-3	2.66778E1
3.36692E-3	2.65161E1
3.36888E-3	2.64175E1
3.37083E-3	2.63029E1
3.37278E-3	2.63792E1
3.37473E-3	2.6245E1
3.37669E-3	2.62544E1
3.37864E-3	2.61478E1
3.3806E-3	2.61835E1
3.38255E-3	2.59252E1
3.3845E-3	2.5994E1
3.38645E-3	2.59662E1
3.38841E-3	2.61E1
3.39036E-3	2.6187E1
3.39231E-3	2.6143E1
3.39427E-3	2.60676E1
3.39622E-3	2.59241E1
3.39817E-3	2.60794E1
3.40013E-3	2.60741E1
3.40208E-3	2.5782E1
3.40403E-3	2.57995E1
3.40598E-3	2.57922E1
3.40794E-3	2.57048E1
3.40989E-3	2.56606E1
3.41185E-3	2.55091E1
3.4138E-3	2.55859E1
3.41575E-3	2.54977E1
3.4177E-3	2.53285E1
3.41966E-3	2.54354E1
3.42161E-3	2.52692E1
3.42356E-3	2.51076E1
3.42552E-3	2.51153E1
3.42747E-3	2.5322E1
3.42942E-3	2.50678E1
3.43138E-3	2.5004E1
3.43333E-3	2.50497E1
3.43528E-3	2.49883E1
3.43724E-3	2.48894E1
3.43919E-3	2.48916E1
3.44114E-3	2.5113E1
3.4431E-3	2.49695E1
3.44505E-3	2.49501E1
3.447E-3	2.50747E1
3.44895E-3	2.50636E1
3.45091E-3	2.51265E1
3.45286E-3	2.51348E1
3.45481E-3	2.50147E1
3.45677E-3	2.5174E1
3.45872E-3	2.53665E1
3.46067E-3	2.53019E1
3.46263E-3	2.52195E1
3.46458E-3	2.5435E1
3.46653E-3	2.55308E1
3.46848E-3	2.53501E1
3.47044E-3	2.57438E1
3.47239E-3	2.56974E1
3.47434E-3	2.54994E1
3.4763E-3	2.58363E1
3.47825E-3	2.57347E1
3.4802E-3	2.58426E1
3.48216E-3	2.59981E1
3.48411E-3	2.59671E1
3.48606E-3	2.62264E1
3.48802E-3	2.6159E1
3.48997E-3	2.65114E1
3.49192E-3	2.63383E1
3.49388E-3	2.65551E1
3.49583E-3	2.67146E1
3.49778E-3	2.66585E1
3.49974E-3	2.67906E1
3.50169E-3	2.67147E1
3.50364E-3	2.70093E1
3.5056E-3	2.69728E1
3.50755E-3	2.69193E1
3.5095E-3	2.71659E1
3.51145E-3	2.71501E1
3.51341E-3	2.69178E1
3.51536E-3	2.71828E1
3.51731E-3	2.74346E1
3.51927E-3	2.72439E1
3.52122E-3	2.75161E1
3.52317E-3	2.74098E1
3.52513E-3	2.74304E1
3.52708E-3	2.74141E1
3.52903E-3	2.737E1
3.53098E-3	2.74614E1
3.53294E-3	2.746E1
3.53489E-3	2.74158E1
3.53684E-3	2.72837E1
3.5388E-3	2.72452E1
3.54075E-3	2.72948E1
3.5427E-3	2.72121E1
3.54466E-3	2.71909E1
3.54661E-3	2.70701E1
3.54856E-3	2.7187E1
3.55052E-3	2.69222E1
3.55247E-3	2.69107E1
3.55442E-3	2.68112E1
3.55638E-3	2.68074E1
3.55833E-3	2.67181E1
3.56028E-3	2.66412E1
3.56223E-3	2.6587E1
3.56419E-3	2.67737E1
3.56614E-3	2.66964E1
3.56809E-3	2.63701E1
3.57005E-3	2.6354E1
3.572E-3	2.63518E1
3.57395E-3	2.61552E1
3.57591E-3	2.61041E1
3.57786E-3	2.57612E1
3.57981E-3	2.56777E1
3.58177E-3	2.56917E1
3.58372E-3	2.55638E1
3.58567E-3	2.56429E1
3.58763E-3	2.53134E1
3.58958E-3	2.50763E1
3.59153E-3	2.50794E1
3.59348E-3	2.49915E1
3.59544E-3	2.49784E1
3.59739E-3	2.4676E1
3.59934E-3	2.4448E1
3.6013E-3	2.44265E1
3.60325E-3	2.43609E1
3.6052E-3	2.43193E1
3.60716E-3	2.42646E1
3.60911E-3	2.4215E1
3.61106E-3	2.41673E1
3.61302E-3	2.41103E1
3.61497E-3	2.4072E1
3.61692E-3	2.39999E1
3.61888E-3	2.40031E1
3.62083E-3	2.39716E1
3.62278E-3	2.38474E1
3.62473E-3	2.38202E1
3.62669E-3	2.37575E1
3.62864E-3	2.37145E1
3.6306E-3	2.36592E1
3.63255E-3	2.36126E1
3.6345E-3	2.35586E1
3.63645E-3	2.35123E1
3.63841E-3	2.34566E1
3.64036E-3	2.34135E1
3.64231E-3	2.33515E1
3.64427E-3	2.33354E1
3.64622E-3	2.36218E1
3.64817E-3	2.36051E1
3.65013E-3	2.35447E1
3.65208E-3	2.3498E1
3.65403E-3	2.3449E1
3.65598E-3	2.33909E1
3.65794E-3	2.33565E1
3.65989E-3	2.32783E1
3.66184E-3	2.32749E1
3.6638E-3	2.31243E1
3.66575E-3	2.30488E1
3.6677E-3	2.34659E1
3.66966E-3	2.33547E1
3.67161E-3	2.34008E1
3.67356E-3	2.33211E1
3.67552E-3	2.32973E1
3.67747E-3	2.31952E1
3.67942E-3	2.31188E1
3.68138E-3	2.31545E1
3.68333E-3	2.30609E1
3.68528E-3	2.30581E1
3.68723E-3	2.28917E1
3.68919E-3	2.25289E1
3.69114E-3	2.24926E1
3.6931E-3	2.24386E1
3.69505E-3	2.23829E1
3.697E-3	2.23471E1
3.69895E-3	2.22688E1
3.70091E-3	2.22716E1
3.70286E-3	2.20258E1
3.70481E-3	2.17167E1
3.70677E-3	2.17047E1
3.70872E-3	2.16439E1
3.71067E-3	2.15515E1
3.71263E-3	2.12145E1
3.71458E-3	2.13615E1
3.71653E-3	2.10428E1
3.71848E-3	2.08682E1
3.72044E-3	2.0922E1
3.72239E-3	2.05443E1
3.72434E-3	2.04791E1
3.7263E-3	2.02544E1
3.72825E-3	1.99335E1
3.7302E-3	1.99667E1
3.73216E-3	1.96878E1
3.73411E-3	1.94282E1
3.73606E-3	1.92884E1
3.73802E-3	1.91911E1
3.73997E-3	1.89171E1
3.74192E-3	1.84804E1
3.74388E-3	1.84239E1
3.74583E-3	1.82289E1
3.74778E-3	1.79372E1
3.74973E-3	1.77865E1
3.75169E-3	1.75077E1
3.75364E-3	1.7349E1
3.7556E-3	1.71791E1
3.75755E-3	1.67952E1
3.7595E-3	1.67245E1
3.76145E-3	1.65756E1
3.76341E-3	1.62643E1
3.76536E-3	1.59448E1
3.76731E-3	1.58476E1
3.76927E-3	1.57344E1
3.77122E-3	1.54081E1
3.77317E-3	1.5164E1
3.77513E-3	1.49523E1
3.77708E-3	1.49855E1
3.77903E-3	1.46004E1
3.78098E-3	1.4336E1
3.78294E-3	1.42801E1
3.78489E-3	1.40276E1
3.78684E-3	1.37915E1
3.7888E-3	1.35509E1
3.79075E-3	1.32705E1
3.7927E-3	1.30831E1
3.79466E-3	1.27441E1
3.79661E-3	1.27432E1
3.79856E-3	1.254E1
3.80052E-3	1.20336E1
3.80247E-3	1.18574E1
3.80442E-3	1.15911E1
3.80638E-3	1.12764E1
3.80833E-3	1.10394E1
3.81028E-3	1.08022E1
3.81224E-3	1.05508E1
3.81419E-3	1.02154E1
3.81614E-3	1.01029E1
3.81809E-3	9.89829E0
3.82005E-3	9.60781E0
3.822E-3	9.32866E0
3.82395E-3	9.26709E0
3.82591E-3	8.88634E0
3.82786E-3	8.78053E0
3.82981E-3	8.35708E0
3.83177E-3	8.33183E0
3.83372E-3	8.16809E0
3.83567E-3	8.08146E0
3.83763E-3	7.82306E0
3.83958E-3	7.69468E0
3.84153E-3	7.64262E0
3.84348E-3	7.24572E0
3.84544E-3	7.2014E0
3.84739E-3	6.89324E0
3.84934E-3	6.64271E0
3.8513E-3	6.65829E0
3.85325E-3	6.28764E0
3.8552E-3	6.21463E0
3.85716E-3	5.95382E0
3.85911E-3	5.8934E0
3.86106E-3	5.87559E0
3.86302E-3	5.4574E0
3.86497E-3	5.51139E0
3.86692E-3	5.20115E0
3.86888E-3	4.89729E0
3.87083E-3	4.97145E0
3.87278E-3	4.50386E0
3.87473E-3	4.50731E0
3.87669E-3	4.24264E0
3.87864E-3	3.98232E0
3.88059E-3	4.10558E0
3.88255E-3	3.59065E0
3.8845E-3	3.49282E0
3.88645E-3	3.39644E0
3.88841E-3	3.33669E0
3.89036E-3	2.97082E0
3.89231E-3	2.83247E0
3.89427E-3	2.48287E0
3.89622E-3	2.34813E0
3.89817E-3	2.15853E0
3.90013E-3	1.81124E0
3.90208E-3	1.60773E0
3.90403E-3	1.43011E0
3.90598E-3	1.28505E0
3.90794E-3	9.02536E-1
3.90989E-3	8.12289E-1
3.91184E-3	5.05275E-1
3.9138E-3	1.47824E-1
3.91575E-3	-1.19953E-1
3.9177E-3	-2.89467E-1
3.91966E-3	-6.79327E-1
3.92161E-3	-7.75014E-1
3.92356E-3	-9.93068E-1
3.92552E-3	-1.54475E0
3.92747E-3	-1.54863E0
3.92942E-3	-1.86547E0
3.93138E-3	-2.11362E0
3.93333E-3	-2.36011E0
3.93528E-3	-2.61119E0
3.93723E-3	-2.95947E0
3.93919E-3	-3.01528E0
3.94114E-3	-3.21777E0
3.94309E-3	-3.51466E0
3.94505E-3	-3.76775E0
3.947E-3	-4.03717E0
3.94895E-3	-4.23499E0
3.95091E-3	-4.55894E0
3.95286E-3	-4.70063E0
3.95481E-3	-4.97944E0
3.95677E-3	-5.0581E0
3.95872E-3	-5.42627E0
3.96067E-3	-5.58882E0
3.96263E-3	-5.87623E0
3.96458E-3	-6.1672E0
3.96653E-3	-6.34758E0
3.96848E-3	-6.49354E0
3.97044E-3	-6.81865E0
3.97239E-3	-6.94525E0
3.97434E-3	-7.22154E0
3.9763E-3	-7.36209E0
3.97825E-3	-7.59623E0
3.9802E-3	-7.93147E0
3.98216E-3	-8.06291E0
3.98411E-3	-8.34766E0
3.98606E-3	-8.57552E0
3.98802E-3	-8.76031E0
3.98997E-3	-9.05281E0
3.99192E-3	-9.19858E0
3.99388E-3	-9.38362E0
3.99583E-3	-9.5819E0
3.99778E-3	-9.62156E0
3.99973E-3	-9.83973E0
4.00169E-3	-1.01711E1
4.00364E-3	-1.0175E1
4.00559E-3	-1.06348E1
4.00755E-3	-1.06225E1
4.0095E-3	-1.09138E1
4.01145E-3	-1.11167E1
4.01341E-3	-1.1138E1
4.01536E-3	-1.13157E1
4.01731E-3	-1.13708E1
4.01927E-3	-1.15108E1
4.02122E-3	-1.17338E1
4.02317E-3	-1.18926E1
4.02513E-3	-1.18725E1
4.02708E-3	-1.2063E1
4.02903E-3	-1.2385E1
4.03099E-3	-1.24459E1
4.03294E-3	-1.24997E1
4.03489E-3	-1.25419E1
4.03684E-3	-1.25257E1
4.0388E-3	-1.26355E1
4.04075E-3	-1.27296E1
4.0427E-3	-1.3102E1
4.04466E-3	-1.32097E1
4.04661E-3	-1.31934E1
4.04856E-3	-1.32326E1
4.05052E-3	-1.33507E1
4.05247E-3	-1.33816E1
4.05442E-3	-1.3441E1
4.05638E-3	-1.34826E1
4.05833E-3	-1.34082E1
4.06028E-3	-1.34799E1
4.06224E-3	-1.36479E1
4.06419E-3	-1.36805E1
4.06614E-3	-1.3666E1
4.06809E-3	-1.37792E1
4.07005E-3	-1.38516E1
4.072E-3	-1.38113E1
4.07395E-3	-1.39239E1
4.07591E-3	-1.39873E1
4.07786E-3	-1.40464E1
4.07981E-3	-1.40512E1
4.08177E-3	-1.40754E1
4.08372E-3	-1.42061E1
4.08567E-3	-1.4224E1
4.08763E-3	-1.42989E1
4.08958E-3	-1.4321E1
4.09153E-3	-1.44148E1
4.09349E-3	-1.42131E1
4.09544E-3	-1.39896E1
4.09739E-3	-1.41457E1
4.09934E-3	-1.41887E1
4.1013E-3	-1.42556E1
4.10325E-3	-1.42775E1
4.1052E-3	-1.43799E1
4.10716E-3	-1.41553E1
4.10911E-3	-1.40302E1
4.11106E-3	-1.41038E1
4.11302E-3	-1.41755E1
4.11497E-3	-1.41026E1
4.11692E-3	-1.39693E1
4.11888E-3	-1.39928E1
4.12083E-3	-1.38921E1
4.12278E-3	-1.37789E1
4.12473E-3	-1.39138E1
4.12669E-3	-1.39313E1
4.12864E-3	-1.36812E1
4.1306E-3	-1.37885E1
4.13255E-3	-1.35019E1
4.1345E-3	-1.35345E1
4.13645E-3	-1.35115E1
4.13841E-3	-1.32004E1
4.14036E-3	-1.33367E1
4.14231E-3	-1.31602E1
4.14427E-3	-1.30608E1
4.14622E-3	-1.31708E1
4.14817E-3	-1.29545E1
4.15013E-3	-1.29642E1
4.15208E-3	-1.28653E1
4.15403E-3	-1.28223E1
4.15599E-3	-1.29351E1
4.15794E-3	-1.26268E1
4.15989E-3	-1.26176E1
4.16185E-3	-1.23465E1
4.1638E-3	-1.23267E1
4.16575E-3	-1.22587E1
4.1677E-3	-1.20803E1
4.16966E-3	-1.18936E1
4.17161E-3	-1.17838E1
4.17356E-3	-1.18621E1
4.17552E-3	-1.1791E1
4.17747E-3	-1.16897E1
4.17942E-3	-1.14838E1
4.18138E-3	-1.16416E1
4.18333E-3	-1.1309E1
4.18528E-3	-1.13153E1
4.18724E-3	-1.10293E1
4.18919E-3	-1.10474E1
4.19114E-3	-1.09972E1
4.19309E-3	-1.08131E1
4.19505E-3	-1.07856E1
4.197E-3	-1.0818E1
4.19895E-3	-1.07553E1
4.20091E-3	-1.03835E1
4.20286E-3	-1.02347E1
4.20481E-3	-1.02155E1
4.20677E-3	-9.87829E0
4.20872E-3	-9.94321E0
4.21067E-3	-1.00118E1
4.21263E-3	-9.82318E0
4.21458E-3	-9.63241E0
4.21653E-3	-9.41537E0
4.21848E-3	-9.3576E0
4.22044E-3	-9.11889E0
4.22239E-3	-9.03742E0
4.22435E-3	-8.84424E0
4.2263E-3	-8.7829E0
4.22825E-3	-8.50815E0
4.2302E-3	-8.37295E0
4.23216E-3	-8.29158E0
4.23411E-3	-8.16204E0
4.23606E-3	-7.97703E0
4.23802E-3	-7.95898E0
4.23997E-3	-7.76594E0
4.24192E-3	-7.63935E0
4.24388E-3	-7.39866E0
4.24583E-3	-7.42559E0
4.24778E-3	-7.37405E0
4.24974E-3	-7.23868E0
4.25169E-3	-7.1658E0
4.25364E-3	-7.17695E0
4.25559E-3	-7.13308E0
4.25755E-3	-6.88902E0
4.2595E-3	-6.78436E0
4.26145E-3	-6.54404E0
4.26341E-3	-6.66278E0
4.26536E-3	-6.59481E0
4.26731E-3	-6.42734E0
4.26927E-3	-6.37697E0
4.27122E-3	-6.31592E0
4.27317E-3	-6.41009E0
4.27513E-3	-6.31167E0
4.27708E-3	-6.12728E0
4.27903E-3	-6.1927E0
4.28098E-3	-6.09391E0
4.28294E-3	-5.92292E0
4.28489E-3	-6.03528E0
4.28685E-3	-5.95958E0
4.2888E-3	-5.7048E0
4.29075E-3	-5.75661E0
4.2927E-3	-5.81791E0
4.29466E-3	-5.60444E0
4.29661E-3	-5.5792E0
4.29856E-3	-5.58949E0
4.30052E-3	-5.63512E0
4.30247E-3	-5.42462E0
4.30442E-3	-5.58838E0
4.30638E-3	-5.53216E0
4.30833E-3	-5.43951E0
4.31028E-3	-5.36802E0
4.31224E-3	-5.35918E0
4.31419E-3	-5.60856E0
4.31614E-3	-5.51696E0
4.3181E-3	-5.26714E0
4.32005E-3	-5.32039E0
4.322E-3	-5.37567E0
4.32395E-3	-5.12112E0
4.32591E-3	-5.04126E0
4.32786E-3	-5.16298E0
4.32981E-3	-5.0222E0
4.33177E-3	-4.78309E0
4.33372E-3	-4.94679E0
4.33567E-3	-4.94177E0
4.33763E-3	-4.62961E0
4.33958E-3	-4.69615E0
4.34153E-3	-4.90985E0
4.34348E-3	-4.6852E0
4.34544E-3	-4.66749E0
4.34739E-3	-4.83407E0
4.34935E-3	-4.50134E0
4.3513E-3	-4.5374E0
4.35325E-3	-4.58998E0
