temps	chemin
-4.02E-7	6.85867E-2
1.551E-6	8.89214E-2
3.504E-6	1.031E-1
5.457E-6	1.21293E-1
7.41E-6	1.37049E-1
9.363E-6	1.5407E-1
1.1316E-5	1.70528E-1
1.3269E-5	1.87107E-1
1.5223E-5	2.0367E-1
1.7176E-5	2.20218E-1
1.9129E-5	2.3675E-1
2.1082E-5	2.53266E-1
2.3035E-5	2.69767E-1
2.4988E-5	2.86252E-1
2.6941E-5	3.02722E-1
2.8894E-5	3.19176E-1
3.0848E-5	3.35614E-1
3.2801E-5	3.52036E-1
3.4754E-5	3.68443E-1
3.6707E-5	3.84834E-1
3.866E-5	4.01209E-1
4.0613E-5	4.17568E-1
4.2566E-5	4.33912E-1
4.4519E-5	4.50239E-1
4.6472E-5	4.66551E-1
4.8426E-5	4.82903E-1
5.0379E-5	4.98966E-1
5.2332E-5	5.1576E-1
5.4285E-5	5.30917E-1
5.6238E-5	5.49121E-1
5.8191E-5	5.6201E-1
6.0144E-5	5.83614E-1
6.2097E-5	5.91143E-1
6.4051E-5	6.21712E-1
6.6004E-5	6.08427E-1
6.7957E-5	5.75545E-1
6.991E-5	6.66875E-1
7.1863E-5	6.82979E-1
7.3816E-5	6.23912E-1
7.577E-5	6.88785E-1
7.7723E-5	7.34807E-1
7.9676E-5	7.35354E-1
8.1629E-5	7.62023E-1
8.3582E-5	7.69281E-1
8.5535E-5	7.93936E-1
8.7488E-5	7.99577E-1
8.9441E-5	8.30233E-1
9.1394E-5	8.17964E-1
9.3348E-5	7.81601E-1
9.5301E-5	8.79408E-1
9.7254E-5	8.80789E-1
9.9207E-5	9.02485E-1
1.0116E-4	9.1701E-1
1.03113E-4	9.30591E-1
1.05066E-4	9.52652E-1
1.07019E-4	9.56507E-1
1.08973E-4	9.95461E-1
1.10926E-4	9.37444E-1
1.12879E-4	9.72106E-1
1.14832E-4	1.04142E0
1.16785E-4	1.0353E0
1.18738E-4	1.06343E0
1.20691E-4	1.07162E0
1.22644E-4	1.09179E0
1.24598E-4	1.10488E0
1.26551E-4	1.12188E0
1.28504E-4	1.13688E0
1.30457E-4	1.15273E0
1.3241E-4	1.16827E0
1.34363E-4	1.18385E0
1.36316E-4	1.19941E0
1.38269E-4	1.21495E0
1.40223E-4	1.23046E0
1.42176E-4	1.24602E0
1.44129E-4	1.26162E0
1.46082E-4	1.27651E0
1.48035E-4	1.29366E0
1.49988E-4	1.30523E0
1.51941E-4	1.32848E0
1.53894E-4	1.32902E0
1.55848E-4	1.37347E0
1.57801E-4	1.2818E0
1.59754E-4	1.39864E0
1.61707E-4	1.17273E0
1.6366E-4	9.91048E-1
1.65613E-4	1.04993E0
1.67566E-4	1.09306E0
1.69519E-4	1.13729E0
1.71472E-4	1.13811E0
1.73426E-4	1.10297E0
1.75379E-4	1.11195E0
1.77332E-4	1.13774E0
1.79285E-4	1.13773E0
1.81238E-4	1.18155E0
1.83191E-4	1.24871E0
1.85145E-4	1.18203E0
1.87097E-4	1.21191E0
1.89051E-4	1.22046E0
1.91004E-4	1.23826E0
1.92957E-4	1.25333E0
1.9491E-4	1.26565E0
1.96863E-4	1.28731E0
1.98816E-4	1.28739E0
2.0077E-4	1.38454E0
2.02723E-4	1.34696E0
2.04676E-4	1.33424E0
2.06629E-4	1.36279E0
2.08582E-4	1.36936E0
2.10535E-4	1.38961E0
2.12488E-4	1.40116E0
2.14441E-4	1.41803E0
2.16394E-4	1.4318E0
2.18348E-4	1.44717E0
2.20301E-4	1.46178E0
2.22254E-4	1.47664E0
2.24207E-4	1.49143E0
2.2616E-4	1.5062E0
2.28113E-4	1.52096E0
2.30066E-4	1.53569E0
2.32019E-4	1.55041E0
2.33973E-4	1.56511E0
2.35926E-4	1.5798E0
2.37879E-4	1.59446E0
2.39832E-4	1.60911E0
2.41785E-4	1.62374E0
2.43738E-4	1.63837E0
2.45691E-4	1.65295E0
2.47644E-4	1.66746E0
2.49598E-4	1.68232E0
2.51551E-4	1.69608E0
2.53504E-4	1.71234E0
2.55457E-4	1.72326E0
2.5741E-4	1.74496E0
2.59363E-4	1.74364E0
2.61316E-4	1.84198E0
2.63269E-4	1.80034E0
2.65222E-4	1.794E0
2.67176E-4	1.80701E0
2.69129E-4	1.89516E0
2.71082E-4	1.86231E0
2.73035E-4	1.84563E0
2.74988E-4	1.87556E0
2.76941E-4	1.88041E0
2.78894E-4	1.90057E0
2.80848E-4	1.91128E0
2.82801E-4	1.92758E0
2.84754E-4	1.94073E0
2.86707E-4	1.95548E0
2.8866E-4	1.96946E0
2.90613E-4	1.9837E0
2.92567E-4	1.99786E0
2.94519E-4	2.01201E0
2.96472E-4	2.02614E0
2.98425E-4	2.04025E0
3.00379E-4	2.05434E0
3.02332E-4	2.06841E0
3.04285E-4	2.08247E0
3.06238E-4	2.0965E0
3.08191E-4	2.11047E0
3.10144E-4	2.12468E0
3.12098E-4	2.13813E0
3.14051E-4	2.15319E0
3.16004E-4	2.16514E0
3.17957E-4	2.18238E0
3.1991E-4	2.19107E0
3.21863E-4	2.21304E0
3.23816E-4	2.21384E0
3.2577E-4	2.2545E0
3.27723E-4	2.32217E0
3.29676E-4	2.2521E0
3.31629E-4	2.28312E0
3.33582E-4	2.28733E0
3.35535E-4	2.30758E0
3.37488E-4	2.39457E0
3.39441E-4	2.33408E0
3.41394E-4	2.34453E0
3.43347E-4	2.36093E0
3.45301E-4	2.37239E0
3.47254E-4	2.38774E0
3.49207E-4	2.4002E0
3.5116E-4	2.41441E0
3.53113E-4	2.428E0
3.55066E-4	2.44098E0
3.5702E-4	2.45571E0
3.58973E-4	2.46751E0
3.60926E-4	2.48326E0
3.62879E-4	2.49411E0
3.64832E-4	2.51055E0
3.66785E-4	2.59902E0
3.68738E-4	2.53746E0
3.70691E-4	2.54792E0
3.72644E-4	2.56397E0
3.74597E-4	2.57513E0
3.76551E-4	2.59026E0
3.78504E-4	2.60231E0
3.80457E-4	2.61651E0
3.8241E-4	2.62929E0
3.84363E-4	2.64282E0
3.86316E-4	2.65615E0
3.88269E-4	2.66895E0
3.90223E-4	2.68329E0
3.92176E-4	2.69431E0
3.94129E-4	2.71152E0
3.96082E-4	2.71767E0
3.98035E-4	2.74308E0
3.99988E-4	2.733E0
4.01942E-4	2.81989E0
4.03894E-4	2.81411E0
4.05847E-4	2.77363E0
4.07801E-4	2.80854E0
4.09754E-4	2.80916E0
4.11707E-4	2.82969E0
4.1366E-4	2.8382E0
4.15613E-4	2.85378E0
4.17566E-4	2.86541E0
4.19519E-4	2.87881E0
4.21473E-4	2.89212E0
4.23426E-4	2.9035E0
4.25379E-4	2.91977E0
4.27332E-4	2.92615E0
4.29285E-4	2.95074E0
4.31238E-4	2.94234E0
4.33191E-4	2.99814E0
4.35145E-4	2.75186E0
4.37098E-4	2.64245E0
4.39051E-4	2.64402E0
4.41004E-4	2.59828E0
4.42957E-4	2.82183E0
4.4491E-4	2.73028E0
4.46863E-4	2.78226E0
4.48816E-4	2.73695E0
4.50769E-4	2.7968E0
4.52723E-4	2.75453E0
4.54676E-4	2.68672E0
4.56629E-4	2.7795E0
4.58582E-4	2.79621E0
4.60535E-4	2.74213E0
4.62488E-4	2.77687E0
4.64441E-4	2.77009E0
4.66395E-4	2.83723E0
4.68348E-4	2.90339E0
4.70301E-4	2.84217E0
4.72254E-4	2.82637E0
4.74207E-4	2.84188E0
4.7616E-4	2.86138E0
4.78113E-4	2.83669E0
4.80066E-4	2.66244E0
4.82019E-4	2.62627E0
4.83972E-4	2.61068E0
4.85926E-4	2.63362E0
4.87879E-4	2.61343E0
4.89832E-4	2.67573E0
4.91785E-4	2.69345E0
4.93738E-4	2.77495E0
4.95691E-4	2.82794E0
4.97645E-4	2.81209E0
4.99598E-4	2.79583E0
5.01551E-4	2.81569E0
5.03504E-4	2.81751E0
5.05457E-4	2.85035E0
5.0741E-4	2.87217E0
5.09363E-4	2.96804E0
5.11316E-4	2.77028E0
5.13269E-4	2.59657E0
5.15222E-4	2.74687E0
5.17176E-4	2.61763E0
5.19129E-4	2.65167E0
5.21082E-4	2.72079E0
5.23035E-4	2.56522E0
5.24988E-4	2.68101E0
5.26941E-4	2.66896E0
5.28894E-4	2.64708E0
5.30848E-4	2.83289E0
5.32801E-4	2.73016E0
5.34754E-4	2.82023E0
5.36707E-4	2.82834E0
5.3866E-4	2.71829E0
5.40613E-4	2.79759E0
5.42567E-4	2.83657E0
5.4452E-4	2.89916E0
5.46473E-4	2.85856E0
5.48426E-4	2.52857E0
5.50379E-4	2.45996E0
5.52332E-4	2.56312E0
5.54285E-4	2.54054E0
5.56238E-4	2.57249E0
5.58191E-4	2.57046E0
5.60144E-4	2.51328E0
5.62098E-4	2.59624E0
5.64051E-4	2.61251E0
5.66004E-4	2.62048E0
5.67957E-4	2.63445E0
5.6991E-4	2.64407E0
5.71863E-4	2.65676E0
5.73816E-4	2.66727E0
5.7577E-4	2.67916E0
5.77723E-4	2.69022E0
5.79676E-4	2.70165E0
5.81629E-4	2.71296E0
5.83582E-4	2.72404E0
5.85535E-4	2.73589E0
5.87488E-4	2.74577E0
5.89441E-4	2.75981E0
5.91394E-4	2.76561E0
5.93347E-4	2.78649E0
5.95301E-4	2.78047E0
5.97254E-4	2.82386E0
5.99207E-4	2.7187E0
6.0116E-4	2.74081E0
6.03113E-4	2.84243E0
6.05066E-4	2.86388E0
6.0702E-4	2.63848E0
6.08973E-4	2.42538E0
6.10926E-4	2.56734E0
6.12879E-4	2.52753E0
6.14832E-4	2.50498E0
6.16785E-4	2.60272E0
6.18738E-4	2.53187E0
6.20691E-4	2.54431E0
6.22644E-4	2.55475E0
6.24597E-4	2.56536E0
6.26551E-4	2.57674E0
6.28504E-4	2.58688E0
6.30457E-4	2.5983E0
6.3241E-4	2.60858E0
6.34363E-4	2.61959E0
6.36316E-4	2.63019E0
6.38269E-4	2.64092E0
6.40223E-4	2.6516E0
6.42176E-4	2.66225E0
6.44129E-4	2.67288E0
6.46082E-4	2.6835E0
6.48035E-4	2.69409E0
6.49988E-4	2.70466E0
6.51942E-4	2.71521E0
6.53895E-4	2.72573E0
6.55848E-4	2.73624E0
6.578E-4	2.74673E0
6.59754E-4	2.75719E0
6.61707E-4	2.76764E0
6.6366E-4	2.77806E0
6.65613E-4	2.78846E0
6.67566E-4	2.79884E0
6.69519E-4	2.8092E0
6.71473E-4	2.81954E0
6.73426E-4	2.82986E0
6.75379E-4	2.84016E0
6.77332E-4	2.85043E0
6.79285E-4	2.86069E0
6.81238E-4	2.87092E0
6.83191E-4	2.88113E0
6.85145E-4	2.89132E0
6.87098E-4	2.90149E0
6.89051E-4	2.91164E0
6.91004E-4	2.92176E0
6.92957E-4	2.93187E0
6.9491E-4	2.94195E0
6.96863E-4	2.95202E0
6.98816E-4	2.96206E0
7.00769E-4	2.97208E0
7.02722E-4	2.98208E0
7.04676E-4	2.99205E0
7.06629E-4	3.00201E0
7.08582E-4	3.01194E0
7.10535E-4	3.02183E0
7.12488E-4	3.03187E0
7.14441E-4	3.04144E0
7.16395E-4	3.05175E0
7.18348E-4	3.06106E0
7.20301E-4	3.07119E0
7.22254E-4	3.08138E0
7.24207E-4	3.0889E0
7.2616E-4	3.10481E0
7.28113E-4	3.10034E0
7.30066E-4	3.22188E0
7.32019E-4	2.91226E0
7.33972E-4	2.79344E0
7.35926E-4	2.75016E0
7.37879E-4	2.84109E0
7.39832E-4	2.78759E0
7.41785E-4	2.81073E0
7.43738E-4	2.99948E0
7.45691E-4	2.87877E0
7.47644E-4	2.83501E0
7.49598E-4	2.81704E0
7.51551E-4	2.83824E0
7.53504E-4	2.84233E0
7.55457E-4	2.85317E0
7.5741E-4	2.86444E0
7.59363E-4	2.86824E0
7.61317E-4	2.88854E0
7.6327E-4	2.87686E0
7.65222E-4	2.94007E0
7.67175E-4	2.96579E0
7.69129E-4	2.9856E0
7.71082E-4	2.92689E0
7.73035E-4	3.03206E0
7.74988E-4	3.09363E0
7.76941E-4	2.95358E0
7.78894E-4	2.95098E0
7.80848E-4	3.01939E0
7.82801E-4	3.02725E0
7.84754E-4	3.00477E0
7.86707E-4	2.83371E0
7.8866E-4	2.71842E0
7.90613E-4	2.92662E0
7.92566E-4	2.79004E0
7.9452E-4	2.86293E0
7.96473E-4	2.69248E0
7.98426E-4	2.79962E0
8.00379E-4	2.97025E0
8.02332E-4	3.01316E0
8.04285E-4	2.93772E0
8.06238E-4	2.78354E0
8.08191E-4	3.07913E0
8.10144E-4	2.87667E0
8.12097E-4	2.83791E0
8.14051E-4	2.78273E0
8.16004E-4	2.96647E0
8.17957E-4	3.02614E0
8.1991E-4	2.91091E0
8.21863E-4	3.0756E0
8.23816E-4	2.92311E0
8.2577E-4	3.08642E0
8.27723E-4	2.9787E0
8.29676E-4	2.47738E0
8.31629E-4	2.63507E0
8.33582E-4	2.82866E0
8.35535E-4	2.76483E0
8.37488E-4	2.6002E0
8.39441E-4	2.74002E0
8.41394E-4	2.81056E0
8.43347E-4	2.79815E0
8.45301E-4	2.72223E0
8.47254E-4	2.42903E0
8.49207E-4	2.73368E0
8.5116E-4	2.66981E0
8.53113E-4	2.83995E0
8.55066E-4	2.74743E0
8.57019E-4	2.85749E0
8.58973E-4	2.8754E0
8.60926E-4	2.73752E0
8.62879E-4	2.70188E0
8.64832E-4	2.82592E0
8.66785E-4	2.76487E0
8.68738E-4	2.54667E0
8.70692E-4	2.60254E0
8.72645E-4	2.5983E0
8.74597E-4	2.47923E0
8.76551E-4	2.56313E0
8.78504E-4	2.65028E0
8.80457E-4	2.54494E0
8.8241E-4	2.62842E0
8.84363E-4	2.64197E0
8.86316E-4	2.66574E0
8.88269E-4	2.60395E0
8.90223E-4	2.62924E0
8.92176E-4	2.68868E0
8.94129E-4	2.68437E0
8.96082E-4	2.62866E0
8.98035E-4	2.67363E0
8.99988E-4	2.72568E0
9.01941E-4	2.68223E0
9.03895E-4	2.36435E0
9.05848E-4	2.32918E0
9.07801E-4	2.35658E0
9.09754E-4	2.34742E0
9.11707E-4	2.37373E0
9.1366E-4	2.3554E0
9.15613E-4	2.41908E0
9.17566E-4	2.44408E0
9.19519E-4	2.37894E0
9.21473E-4	2.40804E0
9.23426E-4	2.40689E0
9.25379E-4	2.41383E0
9.27332E-4	2.43201E0
9.29285E-4	2.41471E0
9.31238E-4	2.46894E0
9.33191E-4	2.10692E0
9.35145E-4	2.14558E0
9.37098E-4	2.16477E0
9.39051E-4	2.09834E0
9.41004E-4	2.14572E0
9.42957E-4	2.06354E0
9.4491E-4	2.11842E0
9.46863E-4	2.09074E0
9.48816E-4	2.13027E0
9.50769E-4	2.09902E0
9.52722E-4	2.1668E0
9.54676E-4	1.96954E0
9.56629E-4	1.74883E0
9.58582E-4	1.94256E0
9.60535E-4	1.92089E0
9.62488E-4	1.89515E0
9.64441E-4	1.86914E0
9.66395E-4	1.90409E0
9.68348E-4	1.99497E0
9.70301E-4	1.62214E0
9.72254E-4	1.57232E0
9.74207E-4	1.66933E0
9.7616E-4	1.83142E0
9.78113E-4	1.67934E0
9.80067E-4	1.65137E0
9.82019E-4	1.72216E0
9.83972E-4	1.33083E0
9.85926E-4	1.48822E0
9.87879E-4	1.46288E0
9.89832E-4	1.47741E0
9.91785E-4	1.49704E0
9.93738E-4	1.18446E0
9.95691E-4	1.09037E0
9.97644E-4	1.11888E0
9.99598E-4	1.12689E0
1.00155E-3	1.17551E0
1.0035E-3	7.80551E-1
1.00546E-3	7.24767E-1
1.00741E-3	7.9773E-1
1.00936E-3	5.9846E-1
1.01132E-3	3.56997E-1
1.01327E-3	4.6687E-1
1.01522E-3	4.0359E-1
1.01718E-3	3.15798E-1
1.01913E-3	1.70382E-1
1.02108E-3	1.47333E-1
1.02303E-3	7.46105E-2
1.02499E-3	-9.1285E-2
1.02694E-3	-1.82137E-2
1.02889E-3	-2.45256E-1
1.03085E-3	-3.56031E-1
1.0328E-3	-3.89409E-1
1.03475E-3	-7.55041E-1
1.03671E-3	-6.70895E-1
1.03866E-3	-8.00743E-1
1.04061E-3	-1.09338E0
1.04257E-3	-1.08555E0
1.04452E-3	-1.26622E0
1.04647E-3	-1.21159E0
1.04843E-3	-1.51522E0
1.05038E-3	-1.43927E0
1.05233E-3	-1.9374E0
1.05428E-3	-1.96726E0
1.05624E-3	-2.02707E0
1.05819E-3	-2.22687E0
1.06014E-3	-2.33546E0
1.0621E-3	-2.61471E0
1.06405E-3	-2.68463E0
1.066E-3	-2.9515E0
1.06796E-3	-2.91786E0
1.06991E-3	-3.18714E0
1.07186E-3	-3.40928E0
1.07382E-3	-3.66804E0
1.07577E-3	-3.72403E0
1.07772E-3	-3.99952E0
1.07968E-3	-4.20081E0
1.08163E-3	-4.39585E0
1.08358E-3	-4.67554E0
1.08553E-3	-4.79958E0
1.08749E-3	-5.0736E0
1.08944E-3	-5.36566E0
1.09139E-3	-5.51442E0
1.09335E-3	-5.85723E0
1.0953E-3	-6.03004E0
1.09725E-3	-6.27925E0
1.09921E-3	-6.71385E0
1.10116E-3	-6.83241E0
1.10311E-3	-7.28278E0
1.10507E-3	-7.48995E0
1.10702E-3	-7.77902E0
1.10897E-3	-7.93809E0
1.11093E-3	-8.20249E0
1.11288E-3	-8.50487E0
1.11483E-3	-8.80072E0
1.11678E-3	-9.17421E0
1.11874E-3	-9.5241E0
1.12069E-3	-9.81951E0
1.12264E-3	-1.01321E1
1.1246E-3	-1.07121E1
1.12655E-3	-1.09369E1
1.1285E-3	-1.12216E1
1.13046E-3	-1.17002E1
1.13241E-3	-1.21904E1
1.13436E-3	-1.24826E1
1.13632E-3	-1.27708E1
1.13827E-3	-1.3248E1
1.14022E-3	-1.3609E1
1.14218E-3	-1.40484E1
1.14413E-3	-1.44764E1
1.14608E-3	-1.48054E1
1.14803E-3	-1.52492E1
1.14999E-3	-1.57032E1
1.15194E-3	-1.60894E1
1.1539E-3	-1.66018E1
1.15585E-3	-1.70766E1
1.1578E-3	-1.75545E1
1.15975E-3	-1.80615E1
1.16171E-3	-1.84385E1
1.16366E-3	-1.88408E1
1.16561E-3	-1.95177E1
1.16757E-3	-1.99632E1
1.16952E-3	-2.04788E1
1.17147E-3	-2.09367E1
1.17343E-3	-2.1546E1
1.17538E-3	-2.2169E1
1.17733E-3	-2.26351E1
1.17928E-3	-2.32129E1
1.18124E-3	-2.35529E1
1.18319E-3	-2.43403E1
1.18514E-3	-2.48797E1
1.1871E-3	-2.54928E1
1.18905E-3	-2.60944E1
1.191E-3	-2.66325E1
1.19296E-3	-2.71893E1
1.19491E-3	-2.79528E1
1.19686E-3	-2.84373E1
1.19882E-3	-2.91174E1
1.20077E-3	-2.97943E1
1.20272E-3	-3.04627E1
1.20468E-3	-3.11502E1
1.20663E-3	-3.17558E1
1.20858E-3	-3.2551E1
1.21053E-3	-3.32344E1
1.21249E-3	-3.38405E1
1.21444E-3	-3.46001E1
1.21639E-3	-3.53235E1
1.21835E-3	-3.59793E1
1.2203E-3	-3.67004E1
1.22225E-3	-3.75957E1
1.22421E-3	-3.8228E1
1.22616E-3	-3.87495E1
1.22811E-3	-3.97342E1
1.23007E-3	-4.05648E1
1.23202E-3	-4.13706E1
1.23397E-3	-4.2053E1
1.23593E-3	-4.29131E1
1.23788E-3	-4.36273E1
1.23983E-3	-4.43715E1
1.24178E-3	-4.52436E1
1.24374E-3	-4.60252E1
1.24569E-3	-4.68216E1
1.24764E-3	-4.76923E1
1.2496E-3	-4.84645E1
1.25155E-3	-4.93217E1
1.2535E-3	-5.03158E1
1.25546E-3	-5.1084E1
1.25741E-3	-5.18285E1
1.25936E-3	-5.28067E1
1.26132E-3	-5.35455E1
1.26327E-3	-5.45013E1
1.26522E-3	-5.55366E1
1.26718E-3	-5.63206E1
1.26913E-3	-5.72608E1
1.27108E-3	-5.82804E1
1.27303E-3	-5.93651E1
1.27499E-3	-6.01585E1
1.27694E-3	-6.1244E1
1.27889E-3	-6.2257E1
1.28085E-3	-6.30707E1
1.2828E-3	-6.41967E1
1.28475E-3	-6.52634E1
1.28671E-3	-6.62327E1
1.28866E-3	-6.73059E1
1.29061E-3	-6.83457E1
1.29257E-3	-6.92647E1
1.29452E-3	-7.03585E1
1.29647E-3	-7.1471E1
1.29843E-3	-7.24816E1
1.30038E-3	-7.35545E1
1.30233E-3	-7.44989E1
1.30428E-3	-7.57864E1
1.30624E-3	-7.67267E1
1.30819E-3	-7.80333E1
1.31014E-3	-7.90383E1
1.3121E-3	-8.02663E1
1.31405E-3	-8.13257E1
1.316E-3	-8.26431E1
1.31796E-3	-8.37514E1
1.31991E-3	-8.50713E1
1.32186E-3	-8.62837E1
1.32382E-3	-8.74986E1
1.32577E-3	-8.8816E1
1.32772E-3	-9.01865E1
1.32968E-3	-9.15997E1
1.33163E-3	-9.2898E1
1.33358E-3	-9.41763E1
1.33553E-3	-9.56657E1
1.33749E-3	-9.70643E1
1.33944E-3	-9.84015E1
1.34139E-3	-9.99081E1
1.34335E-3	-1.01186E2
1.3453E-3	-1.0269E2
1.34725E-3	-1.04067E2
1.34921E-3	-1.05429E2
1.35116E-3	-1.07E2
1.35311E-3	-1.08488E2
1.35507E-3	-1.09807E2
1.35702E-3	-1.11416E2
1.35897E-3	-1.12888E2
1.36093E-3	-1.14388E2
1.36288E-3	-1.15883E2
1.36483E-3	-1.17633E2
1.36678E-3	-1.19087E2
1.36874E-3	-1.20589E2
1.37069E-3	-1.22207E2
1.37264E-3	-1.23749E2
1.3746E-3	-1.25248E2
1.37655E-3	-1.26846E2
1.3785E-3	-1.28481E2
1.38046E-3	-1.29965E2
1.38241E-3	-1.31456E2
1.38436E-3	-1.3292E2
1.38632E-3	-1.3429E2
1.38827E-3	-1.35996E2
1.39022E-3	-1.37411E2
1.39218E-3	-1.39218E2
1.39413E-3	-1.4099E2
1.39608E-3	-1.41772E2
1.39803E-3	-1.43455E2
1.39999E-3	-1.44744E2
1.40194E-3	-1.46359E2
1.40389E-3	-1.47972E2
1.40585E-3	-1.49268E2
1.4078E-3	-1.5064E2
1.40975E-3	-1.52114E2
1.41171E-3	-1.53457E2
1.41366E-3	-1.5483E2
1.41561E-3	-1.56321E2
1.41757E-3	-1.57731E2
1.41952E-3	-1.59151E2
1.42147E-3	-1.60391E2
1.42343E-3	-1.61775E2
1.42538E-3	-1.6321E2
1.42733E-3	-1.64471E2
1.42928E-3	-1.65913E2
1.43124E-3	-1.67461E2
1.43319E-3	-1.68584E2
1.43514E-3	-1.69939E2
1.4371E-3	-1.71496E2
1.43905E-3	-1.72877E2
1.441E-3	-1.74143E2
1.44296E-3	-1.75514E2
1.44491E-3	-1.76808E2
1.44686E-3	-1.78305E2
1.44882E-3	-1.79541E2
1.45077E-3	-1.80838E2
1.45272E-3	-1.82176E2
1.45468E-3	-1.83416E2
1.45663E-3	-1.84736E2
1.45858E-3	-1.86014E2
1.46053E-3	-1.8739E2
1.46249E-3	-1.88658E2
1.46444E-3	-1.89765E2
1.46639E-3	-1.9112E2
1.46835E-3	-1.92426E2
1.4703E-3	-1.93688E2
1.47225E-3	-1.94898E2
1.47421E-3	-1.95937E2
1.47616E-3	-1.9727E2
1.47811E-3	-1.9854E2
1.48007E-3	-1.99712E2
1.48202E-3	-2.00819E2
1.48397E-3	-2.02056E2
1.48593E-3	-2.02992E2
1.48788E-3	-2.04153E2
1.48983E-3	-2.0524E2
1.49178E-3	-2.06054E2
1.49374E-3	-2.07066E2
1.49569E-3	-2.08011E2
1.49764E-3	-2.09026E2
1.4996E-3	-2.09907E2
1.50155E-3	-2.10776E2
1.5035E-3	-2.11701E2
1.50546E-3	-2.12501E2
1.50741E-3	-2.13207E2
1.50936E-3	-2.13856E2
1.51132E-3	-2.14682E2
1.51327E-3	-2.15233E2
1.51522E-3	-2.16051E2
1.51718E-3	-2.1672E2
1.51913E-3	-2.1736E2
1.52108E-3	-2.1802E2
1.52303E-3	-2.1866E2
1.52499E-3	-2.19354E2
1.52694E-3	-2.2017E2
1.52889E-3	-2.20778E2
1.53085E-3	-2.21253E2
1.5328E-3	-2.21733E2
1.53475E-3	-2.22388E2
1.53671E-3	-2.22909E2
1.53866E-3	-2.2326E2
1.54061E-3	-2.23681E2
1.54257E-3	-2.24033E2
1.54452E-3	-2.24302E2
1.54647E-3	-2.24563E2
1.54843E-3	-2.24651E2
1.55038E-3	-2.24568E2
1.55233E-3	-2.24882E2
1.55428E-3	-2.2493E2
1.55624E-3	-2.24989E2
1.55819E-3	-2.2492E2
1.56014E-3	-2.24924E2
1.5621E-3	-2.24874E2
1.56405E-3	-2.2479E2
1.566E-3	-2.24531E2
1.56796E-3	-2.24562E2
1.56991E-3	-2.24364E2
1.57186E-3	-2.24132E2
1.57382E-3	-2.23929E2
1.57577E-3	-2.23698E2
1.57772E-3	-2.23506E2
1.57968E-3	-2.23209E2
1.58163E-3	-2.23166E2
1.58358E-3	-2.23082E2
1.58553E-3	-2.22785E2
1.58749E-3	-2.22647E2
1.58944E-3	-2.22459E2
1.59139E-3	-2.22242E2
1.59335E-3	-2.21895E2
1.5953E-3	-2.21649E2
1.59725E-3	-2.21263E2
1.59921E-3	-2.20898E2
1.60116E-3	-2.2067E2
1.60311E-3	-2.20185E2
1.60507E-3	-2.19737E2
1.60702E-3	-2.19345E2
1.60897E-3	-2.18896E2
1.61093E-3	-2.18598E2
1.61288E-3	-2.1815E2
1.61483E-3	-2.17754E2
1.61678E-3	-2.17167E2
1.61874E-3	-2.16735E2
1.62069E-3	-2.16487E2
1.62264E-3	-2.16001E2
1.6246E-3	-2.15532E2
1.62655E-3	-2.15082E2
1.6285E-3	-2.14521E2
1.63046E-3	-2.1384E2
1.63241E-3	-2.13214E2
1.63436E-3	-2.12662E2
1.63632E-3	-2.12043E2
1.63827E-3	-2.11276E2
1.64022E-3	-2.10551E2
1.64218E-3	-2.09711E2
1.64413E-3	-2.08803E2
1.64608E-3	-2.08016E2
1.64803E-3	-2.0692E2
1.64999E-3	-2.05915E2
1.65194E-3	-2.0482E2
1.65389E-3	-2.03626E2
1.65585E-3	-2.02467E2
1.6578E-3	-2.01372E2
1.65975E-3	-2.00184E2
1.66171E-3	-1.98793E2
1.66366E-3	-1.97633E2
1.66561E-3	-1.96291E2
1.66757E-3	-1.9496E2
1.66952E-3	-1.93751E2
1.67147E-3	-1.92398E2
1.67343E-3	-1.91175E2
1.67538E-3	-1.89869E2
1.67733E-3	-1.88529E2
1.67928E-3	-1.87219E2
1.68124E-3	-1.85984E2
1.68319E-3	-1.84618E2
1.68514E-3	-1.83236E2
1.6871E-3	-1.81967E2
1.68905E-3	-1.80734E2
1.691E-3	-1.79423E2
1.69296E-3	-1.77978E2
1.69491E-3	-1.76715E2
1.69686E-3	-1.75504E2
1.69882E-3	-1.7424E2
1.70077E-3	-1.72982E2
1.70272E-3	-1.71726E2
1.70468E-3	-1.70393E2
1.70663E-3	-1.69051E2
1.70858E-3	-1.67685E2
1.71053E-3	-1.66244E2
1.71249E-3	-1.64964E2
1.71444E-3	-1.63517E2
1.71639E-3	-1.6217E2
1.71835E-3	-1.60747E2
1.7203E-3	-1.5931E2
1.72225E-3	-1.57869E2
1.72421E-3	-1.563E2
1.72616E-3	-1.54816E2
1.72811E-3	-1.53301E2
1.73007E-3	-1.51852E2
1.73202E-3	-1.50398E2
1.73397E-3	-1.48905E2
1.73593E-3	-1.47315E2
1.73788E-3	-1.45775E2
1.73983E-3	-1.44436E2
1.74178E-3	-1.42872E2
1.74374E-3	-1.41402E2
1.74569E-3	-1.40014E2
1.74764E-3	-1.38541E2
1.7496E-3	-1.37063E2
1.75155E-3	-1.35663E2
1.7535E-3	-1.34448E2
1.75546E-3	-1.3299E2
1.75741E-3	-1.31621E2
1.75936E-3	-1.30537E2
1.76132E-3	-1.29382E2
1.76327E-3	-1.27949E2
1.76522E-3	-1.26756E2
1.76718E-3	-1.25604E2
1.76913E-3	-1.24572E2
1.77108E-3	-1.2335E2
1.77303E-3	-1.22279E2
1.77499E-3	-1.21098E2
1.77694E-3	-1.20204E2
1.77889E-3	-1.19274E2
1.78085E-3	-1.17987E2
1.7828E-3	-1.17217E2
1.78475E-3	-1.16227E2
1.78671E-3	-1.15432E2
1.78866E-3	-1.14663E2
1.79061E-3	-1.13814E2
1.79257E-3	-1.13061E2
1.79452E-3	-1.12291E2
1.79647E-3	-1.1153E2
1.79843E-3	-1.10741E2
1.80038E-3	-1.10059E2
1.80233E-3	-1.09313E2
1.80428E-3	-1.08473E2
1.80624E-3	-1.07823E2
1.80819E-3	-1.06952E2
1.81014E-3	-1.06178E2
1.8121E-3	-1.05404E2
1.81405E-3	-1.04695E2
1.816E-3	-1.03854E2
1.81796E-3	-1.03052E2
1.81991E-3	-1.02332E2
1.82186E-3	-1.01642E2
1.82382E-3	-1.00863E2
1.82577E-3	-1.00088E2
1.82772E-3	-9.96073E1
1.82968E-3	-9.8674E1
1.83163E-3	-9.79825E1
1.83358E-3	-9.72455E1
1.83554E-3	-9.64624E1
1.83749E-3	-9.57484E1
1.83944E-3	-9.49515E1
1.8414E-3	-9.43679E1
1.84335E-3	-9.34638E1
1.8453E-3	-9.28516E1
1.84725E-3	-9.20584E1
1.84921E-3	-9.11646E1
1.85116E-3	-9.05355E1
1.85311E-3	-8.97537E1
1.85507E-3	-8.89244E1
1.85702E-3	-8.80876E1
1.85897E-3	-8.74327E1
1.86093E-3	-8.66707E1
1.86288E-3	-8.57855E1
1.86483E-3	-8.50741E1
1.86678E-3	-8.43826E1
1.86874E-3	-8.35489E1
1.87069E-3	-8.28275E1
1.87264E-3	-8.20278E1
1.8746E-3	-8.13398E1
1.87655E-3	-8.04979E1
1.8785E-3	-7.9815E1
1.88046E-3	-7.92413E1
1.88241E-3	-7.83089E1
1.88436E-3	-7.75701E1
1.88632E-3	-7.66946E1
1.88827E-3	-7.59038E1
1.89022E-3	-7.50082E1
1.89218E-3	-7.44661E1
1.89413E-3	-7.36952E1
1.89608E-3	-7.28179E1
1.89803E-3	-7.21147E1
1.89999E-3	-7.12663E1
1.90194E-3	-7.0409E1
1.90389E-3	-6.97796E1
1.90585E-3	-6.90125E1
1.9078E-3	-6.80917E1
1.90975E-3	-6.74094E1
1.91171E-3	-6.66287E1
1.91366E-3	-6.57655E1
1.91561E-3	-6.49869E1
1.91757E-3	-6.43909E1
1.91952E-3	-6.35209E1
1.92147E-3	-6.25531E1
1.92343E-3	-6.16283E1
1.92538E-3	-6.07273E1
1.92733E-3	-6.00022E1
1.92928E-3	-5.94003E1
1.93124E-3	-5.86432E1
1.93319E-3	-5.78159E1
1.93514E-3	-5.70637E1
1.9371E-3	-5.63481E1
1.93905E-3	-5.57295E1
1.941E-3	-5.48239E1
1.94296E-3	-5.4446E1
1.94491E-3	-5.38431E1
1.94686E-3	-5.30564E1
1.94882E-3	-5.25462E1
1.95077E-3	-5.20684E1
1.95272E-3	-5.15649E1
1.95468E-3	-5.10149E1
1.95663E-3	-5.05591E1
1.95858E-3	-5.0215E1
1.96053E-3	-4.97405E1
1.96249E-3	-4.94086E1
1.96444E-3	-4.90223E1
1.96639E-3	-4.85192E1
1.96835E-3	-4.81511E1
1.9703E-3	-4.77486E1
1.97225E-3	-4.74319E1
1.97421E-3	-4.70279E1
1.97616E-3	-4.68312E1
1.97811E-3	-4.63353E1
1.98007E-3	-4.61914E1
1.98202E-3	-4.57839E1
1.98397E-3	-4.54948E1
1.98593E-3	-4.52845E1
1.98788E-3	-4.50812E1
1.98983E-3	-4.48728E1
1.99178E-3	-4.44532E1
1.99374E-3	-4.43715E1
1.99569E-3	-4.39789E1
1.99764E-3	-4.36412E1
1.9996E-3	-4.35093E1
2.00155E-3	-4.31956E1
2.0035E-3	-4.31062E1
2.00546E-3	-4.25361E1
2.00741E-3	-4.24607E1
2.00936E-3	-4.22142E1
2.01132E-3	-4.20382E1
2.01327E-3	-4.19693E1
2.01522E-3	-4.14726E1
2.01718E-3	-4.13142E1
2.01913E-3	-4.10872E1
2.02108E-3	-4.08469E1
2.02303E-3	-4.06356E1
2.02499E-3	-4.05597E1
2.02694E-3	-4.03262E1
2.02889E-3	-4.01624E1
2.03085E-3	-4.00539E1
2.0328E-3	-3.96778E1
2.03475E-3	-3.95802E1
2.03671E-3	-3.94871E1
2.03866E-3	-3.89349E1
2.04061E-3	-3.8845E1
2.04257E-3	-3.86276E1
2.04452E-3	-3.82935E1
2.04647E-3	-3.82411E1
2.04843E-3	-3.78897E1
2.05038E-3	-3.75178E1
2.05233E-3	-3.74907E1
2.05428E-3	-3.72037E1
2.05624E-3	-3.70659E1
2.05819E-3	-3.69487E1
2.06014E-3	-3.6612E1
2.0621E-3	-3.64068E1
2.06405E-3	-3.62215E1
2.066E-3	-3.58161E1
2.06796E-3	-3.57106E1
2.06991E-3	-3.53747E1
2.07186E-3	-3.51374E1
2.07382E-3	-3.48023E1
2.07577E-3	-3.45748E1
2.07772E-3	-3.44144E1
2.07968E-3	-3.40092E1
2.08163E-3	-3.37829E1
2.08358E-3	-3.3607E1
2.08553E-3	-3.33272E1
2.08749E-3	-3.3308E1
2.08944E-3	-3.29797E1
2.09139E-3	-3.28114E1
2.09335E-3	-3.28056E1
2.0953E-3	-3.25059E1
2.09725E-3	-3.25691E1
2.09921E-3	-3.24511E1
2.10116E-3	-3.21776E1
2.10311E-3	-3.22575E1
2.10507E-3	-3.19915E1
2.10702E-3	-3.1801E1
2.10897E-3	-3.18862E1
2.11093E-3	-3.17624E1
2.11288E-3	-3.14661E1
2.11483E-3	-3.14838E1
2.11678E-3	-3.14861E1
2.11874E-3	-3.14966E1
2.12069E-3	-3.15008E1
2.12264E-3	-3.15138E1
2.1246E-3	-3.151E1
2.12655E-3	-3.1823E1
2.1285E-3	-3.19577E1
2.13046E-3	-3.18975E1
2.13241E-3	-3.20277E1
2.13436E-3	-3.23517E1
2.13632E-3	-3.2326E1
2.13827E-3	-3.26658E1
2.14022E-3	-3.27055E1
2.14218E-3	-3.2719E1
2.14413E-3	-3.28085E1
2.14608E-3	-3.3129E1
2.14803E-3	-3.31802E1
2.14999E-3	-3.34648E1
2.15194E-3	-3.36408E1
2.15389E-3	-3.39177E1
2.15585E-3	-3.40767E1
2.1578E-3	-3.4405E1
2.15975E-3	-3.45505E1
2.16171E-3	-3.45978E1
2.16366E-3	-3.49805E1
2.16561E-3	-3.51735E1
2.16757E-3	-3.54069E1
2.16952E-3	-3.57912E1
2.17147E-3	-3.60311E1
2.17343E-3	-3.6405E1
2.17538E-3	-3.67567E1
2.17733E-3	-3.70299E1
2.17928E-3	-3.72999E1
2.18124E-3	-3.78163E1
2.18319E-3	-3.81657E1
2.18514E-3	-3.85626E1
2.1871E-3	-3.90182E1
2.18905E-3	-3.94085E1
2.191E-3	-3.9737E1
2.19296E-3	-4.03579E1
2.19491E-3	-4.0956E1
2.19686E-3	-4.1346E1
2.19882E-3	-4.19075E1
2.20077E-3	-4.23404E1
2.20272E-3	-4.30578E1
2.20468E-3	-4.34367E1
2.20663E-3	-4.40864E1
2.20858E-3	-4.47658E1
2.21053E-3	-4.52787E1
2.21249E-3	-4.60794E1
2.21444E-3	-4.66468E1
2.21639E-3	-4.73266E1
2.21835E-3	-4.81449E1
2.2203E-3	-4.88504E1
2.22225E-3	-4.95532E1
2.22421E-3	-5.02356E1
2.22616E-3	-5.11401E1
2.22811E-3	-5.20597E1
2.23007E-3	-5.27786E1
2.23202E-3	-5.34723E1
2.23397E-3	-5.43197E1
2.23593E-3	-5.50225E1
2.23788E-3	-5.58397E1
2.23983E-3	-5.6807E1
2.24178E-3	-5.74421E1
2.24374E-3	-5.84194E1
2.24569E-3	-5.92152E1
2.24764E-3	-6.01679E1
2.2496E-3	-6.1048E1
2.25155E-3	-6.15013E1
2.2535E-3	-6.23823E1
2.25546E-3	-6.31751E1
2.25741E-3	-6.39227E1
2.25936E-3	-6.45986E1
2.26132E-3	-6.52984E1
2.26327E-3	-6.60778E1
2.26522E-3	-6.67971E1
2.26718E-3	-6.74678E1
2.26913E-3	-6.81054E1
2.27108E-3	-6.88032E1
2.27303E-3	-6.93858E1
2.27499E-3	-7.00724E1
2.27694E-3	-7.05491E1
2.27889E-3	-7.11787E1
2.28085E-3	-7.17587E1
2.2828E-3	-7.2528E1
2.28475E-3	-7.29371E1
2.28671E-3	-7.34747E1
2.28866E-3	-7.40841E1
2.29061E-3	-7.43567E1
2.29257E-3	-7.48923E1
2.29452E-3	-7.53646E1
2.29647E-3	-7.56241E1
2.29843E-3	-7.62259E1
2.30038E-3	-7.66207E1
2.30233E-3	-7.68823E1
2.30428E-3	-7.7397E1
2.30624E-3	-7.77067E1
2.30819E-3	-7.81927E1
2.31014E-3	-7.84605E1
2.3121E-3	-7.87109E1
2.31405E-3	-7.90093E1
2.316E-3	-7.9338E1
2.31796E-3	-7.95497E1
2.31991E-3	-7.98121E1
2.32186E-3	-8.00221E1
2.32382E-3	-8.02469E1
2.32577E-3	-8.0587E1
2.32772E-3	-8.08506E1
2.32968E-3	-8.08171E1
2.33163E-3	-8.1129E1
2.33358E-3	-8.15658E1
2.33553E-3	-8.16747E1
2.33749E-3	-8.19164E1
2.33944E-3	-8.21497E1
2.34139E-3	-8.20555E1
2.34335E-3	-8.23673E1
2.3453E-3	-8.25356E1
2.34725E-3	-8.28173E1
2.34921E-3	-8.29687E1
2.35116E-3	-8.31392E1
2.35311E-3	-8.33898E1
2.35507E-3	-8.34625E1
2.35702E-3	-8.35507E1
2.35897E-3	-8.37545E1
2.36093E-3	-8.40287E1
2.36288E-3	-8.42102E1
2.36483E-3	-8.43318E1
2.36678E-3	-8.46009E1
2.36874E-3	-8.48005E1
2.37069E-3	-8.50694E1
2.37264E-3	-8.51066E1
2.3746E-3	-8.55385E1
2.37655E-3	-8.56157E1
2.3785E-3	-8.58624E1
2.38046E-3	-8.61101E1
2.38241E-3	-8.62618E1
2.38436E-3	-8.65792E1
2.38632E-3	-8.68855E1
2.38827E-3	-8.70958E1
2.39022E-3	-8.73436E1
2.39218E-3	-8.75783E1
2.39413E-3	-8.77843E1
2.39608E-3	-8.8104E1
2.39803E-3	-8.83772E1
2.39999E-3	-8.86766E1
2.40194E-3	-8.86974E1
2.40389E-3	-8.91109E1
2.40585E-3	-8.94343E1
2.4078E-3	-8.96257E1
2.40975E-3	-9.00349E1
2.41171E-3	-9.02621E1
2.41366E-3	-9.05559E1
2.41561E-3	-9.08123E1
2.41757E-3	-9.10113E1
2.41952E-3	-9.1449E1
2.42147E-3	-9.16009E1
2.42343E-3	-9.20603E1
2.42538E-3	-9.22957E1
2.42733E-3	-9.26378E1
2.42928E-3	-9.28059E1
2.43124E-3	-9.30887E1
2.43319E-3	-9.34998E1
2.43514E-3	-9.38412E1
2.4371E-3	-9.40636E1
2.43905E-3	-9.43643E1
2.441E-3	-9.46635E1
2.44296E-3	-9.49192E1
2.44491E-3	-9.52068E1
2.44686E-3	-9.54469E1
2.44882E-3	-9.56416E1
2.45077E-3	-9.59252E1
2.45272E-3	-9.60789E1
2.45468E-3	-9.63524E1
2.45663E-3	-9.64097E1
2.45858E-3	-9.66386E1
2.46053E-3	-9.69121E1
2.46249E-3	-9.672E1
2.46444E-3	-9.70129E1
2.46639E-3	-9.7237E1
2.46835E-3	-9.69974E1
2.4703E-3	-9.72135E1
2.47225E-3	-9.69635E1
2.47421E-3	-9.70717E1
2.47616E-3	-9.71014E1
2.47811E-3	-9.72936E1
2.48007E-3	-9.71792E1
2.48202E-3	-9.71453E1
2.48397E-3	-9.70441E1
2.48593E-3	-9.71236E1
2.48788E-3	-9.7335E1
2.48983E-3	-9.69341E1
2.49178E-3	-9.70566E1
2.49374E-3	-9.67526E1
2.49569E-3	-9.66057E1
2.49764E-3	-9.65959E1
2.4996E-3	-9.6293E1
2.50155E-3	-9.60848E1
2.5035E-3	-9.58804E1
2.50546E-3	-9.59484E1
2.50741E-3	-9.5644E1
2.50936E-3	-9.55572E1
2.51132E-3	-9.53102E1
2.51327E-3	-9.49457E1
2.51522E-3	-9.4803E1
2.51718E-3	-9.45665E1
2.51913E-3	-9.43383E1
2.52108E-3	-9.40996E1
2.52303E-3	-9.39639E1
2.52499E-3	-9.35461E1
2.52694E-3	-9.34175E1
2.52889E-3	-9.31685E1
2.53085E-3	-9.29685E1
2.5328E-3	-9.2666E1
2.53475E-3	-9.26218E1
2.53671E-3	-9.23573E1
2.53866E-3	-9.18631E1
2.54061E-3	-9.16454E1
2.54257E-3	-9.14077E1
2.54452E-3	-9.12536E1
2.54647E-3	-9.07909E1
2.54843E-3	-9.05361E1
2.55038E-3	-9.02209E1
2.55233E-3	-9.00322E1
2.55428E-3	-8.97192E1
2.55624E-3	-8.92634E1
2.55819E-3	-8.92778E1
2.56014E-3	-8.89634E1
2.5621E-3	-8.88442E1
2.56405E-3	-8.85216E1
2.566E-3	-8.83782E1
2.56796E-3	-8.81772E1
2.56991E-3	-8.79589E1
2.57186E-3	-8.7757E1
2.57382E-3	-8.77545E1
2.57577E-3	-8.76654E1
2.57772E-3	-8.70668E1
2.57968E-3	-8.65176E1
2.58163E-3	-8.5636E1
2.58358E-3	-8.47912E1
2.58553E-3	-8.37697E1
2.58749E-3	-8.29503E1
2.58944E-3	-8.21077E1
2.59139E-3	-8.12027E1
2.59335E-3	-8.02919E1
2.5953E-3	-7.94493E1
2.59725E-3	-7.87069E1
2.59921E-3	-7.79055E1
2.60116E-3	-7.73352E1
2.60311E-3	-7.64829E1
2.60507E-3	-7.59052E1
2.60702E-3	-7.52142E1
2.60897E-3	-7.44602E1
2.61093E-3	-7.39744E1
2.61288E-3	-7.31864E1
2.61483E-3	-7.28193E1
2.61678E-3	-7.19363E1
2.61874E-3	-7.12426E1
2.62069E-3	-7.05599E1
2.62264E-3	-6.98019E1
2.6246E-3	-6.91109E1
2.62655E-3	-6.84042E1
2.6285E-3	-6.76178E1
2.63046E-3	-6.66077E1
2.63241E-3	-6.59919E1
2.63436E-3	-6.49205E1
2.63632E-3	-6.39344E1
2.63827E-3	-6.32504E1
2.64022E-3	-6.25966E1
2.64218E-3	-6.17326E1
2.64413E-3	-6.10997E1
2.64608E-3	-6.0283E1
2.64803E-3	-5.95673E1
2.64999E-3	-5.87708E1
2.65194E-3	-5.80084E1
2.65389E-3	-5.73004E1
2.65585E-3	-5.64586E1
2.6578E-3	-5.56607E1
2.65975E-3	-5.48435E1
2.66171E-3	-5.39263E1
2.66366E-3	-5.32486E1
2.66561E-3	-5.23426E1
2.66757E-3	-5.13616E1
2.66952E-3	-5.04857E1
2.67147E-3	-4.9508E1
2.67343E-3	-4.86589E1
2.67538E-3	-4.78252E1
2.67733E-3	-4.67256E1
2.67928E-3	-4.59376E1
2.68124E-3	-4.52544E1
2.68319E-3	-4.42214E1
2.68514E-3	-4.34473E1
2.6871E-3	-4.28921E1
2.68905E-3	-4.20478E1
2.691E-3	-4.12366E1
2.69296E-3	-4.05533E1
2.69491E-3	-3.97532E1
2.69686E-3	-3.88975E1
2.69882E-3	-3.8138E1
2.70077E-3	-3.70683E1
2.70272E-3	-3.59674E1
2.70468E-3	-3.51364E1
2.70663E-3	-3.40429E1
2.70858E-3	-3.32082E1
2.71053E-3	-3.21113E1
2.71249E-3	-3.11509E1
2.71444E-3	-3.00911E1
2.71639E-3	-2.9023E1
2.71835E-3	-2.82994E1
2.7203E-3	-2.72447E1
2.72225E-3	-2.64026E1
2.72421E-3	-2.54105E1
2.72616E-3	-2.43644E1
2.72811E-3	-2.36152E1
2.73007E-3	-2.28253E1
2.73202E-3	-2.16426E1
2.73397E-3	-2.0628E1
2.73593E-3	-1.94886E1
2.73788E-3	-1.84807E1
2.73983E-3	-1.746E1
2.74178E-3	-1.6306E1
2.74374E-3	-1.50969E1
2.74569E-3	-1.39387E1
2.74764E-3	-1.28416E1
2.7496E-3	-1.15842E1
2.75155E-3	-1.04069E1
2.7535E-3	-9.06236E0
2.75546E-3	-7.83273E0
2.75741E-3	-6.46572E0
2.75936E-3	-5.02749E0
2.76132E-3	-3.81851E0
2.76327E-3	-2.43623E0
2.76522E-3	-8.7998E-1
2.76718E-3	6.51649E-1
2.76913E-3	2.07188E0
2.77108E-3	3.47263E0
2.77303E-3	5.05202E0
2.77499E-3	6.36874E0
2.77694E-3	7.67794E0
2.7789E-3	9.13412E0
2.78085E-3	1.04927E1
2.7828E-3	1.16592E1
2.78475E-3	1.27814E1
2.78671E-3	1.4024E1
2.78866E-3	1.51243E1
2.79061E-3	1.59015E1
2.79257E-3	1.69779E1
2.79452E-3	1.87207E1
2.79647E-3	1.9753E1
2.79843E-3	2.10438E1
2.80038E-3	2.20609E1
2.80233E-3	2.33E1
2.80428E-3	2.42857E1
2.80624E-3	2.54709E1
2.80819E-3	2.63399E1
2.81014E-3	2.7105E1
2.8121E-3	2.82021E1
2.81405E-3	2.89347E1
2.816E-3	2.96759E1
2.81796E-3	3.03472E1
2.81991E-3	3.10417E1
2.82186E-3	3.17411E1
2.82382E-3	3.21109E1
2.82577E-3	3.27861E1
2.82772E-3	3.30837E1
2.82968E-3	3.36243E1
2.83163E-3	3.40568E1
2.83358E-3	3.4589E1
2.83554E-3	3.50112E1
2.83749E-3	3.53988E1
2.83944E-3	3.58908E1
2.8414E-3	3.64165E1
2.84335E-3	3.66049E1
2.8453E-3	3.72416E1
2.84725E-3	3.76775E1
2.84921E-3	3.79044E1
2.85116E-3	3.83453E1
2.85311E-3	3.87195E1
2.85507E-3	3.9013E1
2.85702E-3	3.94186E1
2.85897E-3	3.97298E1
2.86093E-3	4.01746E1
2.86288E-3	4.05976E1
2.86483E-3	4.10112E1
2.86678E-3	4.15135E1
2.86874E-3	4.18714E1
2.87069E-3	4.25158E1
2.87264E-3	4.28443E1
2.8746E-3	4.3426E1
2.87655E-3	4.38337E1
2.8785E-3	4.43861E1
2.88046E-3	4.50226E1
2.88241E-3	4.54144E1
2.88436E-3	4.59622E1
2.88632E-3	4.62368E1
2.88827E-3	4.66165E1
2.89022E-3	4.7232E1
2.89218E-3	4.76032E1
2.89413E-3	4.79444E1
2.89608E-3	4.82174E1
2.89803E-3	4.86066E1
2.89999E-3	4.88541E1
2.90194E-3	4.91985E1
2.90389E-3	4.94176E1
2.90585E-3	4.95648E1
2.9078E-3	4.97281E1
2.90975E-3	4.98865E1
2.91171E-3	4.98882E1
2.91366E-3	4.9933E1
2.91561E-3	5.03231E1
2.91757E-3	5.0257E1
2.91952E-3	5.02076E1
2.92147E-3	5.0194E1
2.92343E-3	5.0188E1
2.92538E-3	5.01424E1
2.92733E-3	5.01886E1
2.92928E-3	4.98691E1
2.93124E-3	4.98039E1
2.93319E-3	4.97879E1
2.93514E-3	4.96742E1
2.9371E-3	4.93664E1
2.93905E-3	4.93939E1
2.941E-3	4.92816E1
2.94296E-3	4.91272E1
2.94491E-3	4.89228E1
2.94686E-3	4.87753E1
2.94882E-3	4.85195E1
2.95077E-3	4.81383E1
2.95272E-3	4.78151E1
2.95468E-3	4.74702E1
2.95663E-3	4.70314E1
2.95858E-3	4.64819E1
2.96053E-3	4.60483E1
2.96249E-3	4.54047E1
2.96444E-3	4.4719E1
2.96639E-3	4.40926E1
2.96835E-3	4.34318E1
2.9703E-3	4.26532E1
2.97225E-3	4.19887E1
2.97421E-3	4.13896E1
2.97616E-3	4.08116E1
2.97811E-3	3.99198E1
2.98007E-3	3.93796E1
2.98202E-3	3.86597E1
2.98397E-3	3.788E1
2.98593E-3	3.73478E1
2.98788E-3	3.65889E1
2.98983E-3	3.59293E1
2.99178E-3	3.5252E1
2.99374E-3	3.44594E1
2.99569E-3	3.3868E1
2.99764E-3	3.32292E1
2.9996E-3	3.24786E1
3.00155E-3	3.16927E1
3.0035E-3	3.10829E1
3.00546E-3	3.0349E1
3.00741E-3	2.95413E1
3.00936E-3	2.87795E1
3.01132E-3	2.79542E1
3.01327E-3	2.71913E1
3.01522E-3	2.63626E1
3.01718E-3	2.56978E1
3.01913E-3	2.50125E1
3.02108E-3	2.4167E1
3.02303E-3	2.35118E1
3.02499E-3	2.28411E1
3.02694E-3	2.21088E1
3.02889E-3	2.13146E1
3.03085E-3	2.06706E1
3.0328E-3	1.99727E1
3.03475E-3	1.91839E1
3.03671E-3	1.85416E1
3.03866E-3	1.77893E1
3.04061E-3	1.69926E1
3.04257E-3	1.62517E1
3.04452E-3	1.56416E1
3.04647E-3	1.35704E1
3.04843E-3	1.39515E1
3.05038E-3	1.34434E1
3.05233E-3	1.25682E1
3.05428E-3	1.19638E1
3.05624E-3	1.10549E1
3.05819E-3	1.03429E1
3.06014E-3	9.64362E0
3.0621E-3	8.79601E0
3.06405E-3	8.03814E0
3.066E-3	7.24052E0
3.06796E-3	6.53066E0
3.06991E-3	5.77743E0
3.07186E-3	5.16378E0
3.07382E-3	4.56967E0
3.07577E-3	3.98265E0
3.07772E-3	3.31133E0
3.07968E-3	2.57246E0
3.08163E-3	2.10617E0
3.08358E-3	1.42755E0
3.08553E-3	1.0117E0
3.08749E-3	1.70082E-1
3.08944E-3	-4.50282E-1
3.09139E-3	-8.71091E-1
3.09335E-3	-1.58062E0
3.0953E-3	-2.3542E0
3.09725E-3	-2.96482E0
3.09921E-3	-3.61783E0
3.10116E-3	-4.45251E0
3.10311E-3	-5.19491E0
3.10507E-3	-5.82645E0
3.10702E-3	-6.46195E0
3.10897E-3	-7.26005E0
3.11093E-3	-7.984E0
3.11288E-3	-8.74982E0
3.11483E-3	-9.59039E0
3.11678E-3	-1.03428E1
3.11874E-3	-1.08868E1
3.12069E-3	-1.16855E1
3.12264E-3	-1.24785E1
3.1246E-3	-1.30014E1
3.12655E-3	-1.37835E1
3.1285E-3	-1.44536E1
3.13046E-3	-1.51167E1
3.13241E-3	-1.56758E1
3.13436E-3	-1.62677E1
3.13632E-3	-1.69438E1
3.13827E-3	-1.74646E1
3.14022E-3	-1.80519E1
3.14218E-3	-1.85798E1
3.14413E-3	-1.91292E1
3.14608E-3	-1.97426E1
3.14803E-3	-2.0233E1
3.14999E-3	-2.07634E1
3.15194E-3	-2.13076E1
3.15389E-3	-2.1625E1
3.15585E-3	-2.21147E1
3.1578E-3	-2.26537E1
3.15975E-3	-2.30721E1
3.16171E-3	-2.35764E1
3.16366E-3	-2.38972E1
3.16561E-3	-2.43537E1
3.16757E-3	-2.50184E1
3.16952E-3	-2.53512E1
3.17147E-3	-2.57864E1
3.17343E-3	-2.62998E1
3.17538E-3	-2.66076E1
3.17733E-3	-2.68896E1
3.17928E-3	-2.74426E1
3.18124E-3	-2.78199E1
3.18319E-3	-2.81864E1
3.18514E-3	-2.86482E1
3.1871E-3	-2.90538E1
3.18905E-3	-2.93444E1
3.191E-3	-2.98406E1
3.19296E-3	-3.02106E1
3.19491E-3	-3.04826E1
3.19686E-3	-3.08207E1
3.19882E-3	-3.13142E1
3.20077E-3	-3.14177E1
3.20272E-3	-3.18447E1
3.20468E-3	-3.19635E1
3.20663E-3	-3.23005E1
3.20858E-3	-3.26502E1
3.21053E-3	-3.26938E1
3.21249E-3	-3.2923E1
3.21444E-3	-3.31942E1
3.2164E-3	-3.3403E1
3.21835E-3	-3.35562E1
3.2203E-3	-3.36906E1
3.22225E-3	-3.37665E1
3.22421E-3	-3.4178E1
3.22616E-3	-3.40103E1
3.22811E-3	-3.43351E1
3.23007E-3	-3.43717E1
3.23202E-3	-3.45382E1
3.23397E-3	-3.47882E1
3.23593E-3	-3.47863E1
3.23788E-3	-3.47989E1
3.23983E-3	-3.51368E1
3.24178E-3	-3.52526E1
3.24374E-3	-3.52656E1
3.24569E-3	-3.52481E1
3.24764E-3	-3.55402E1
3.2496E-3	-3.5709E1
3.25155E-3	-3.56474E1
3.2535E-3	-3.57869E1
3.25546E-3	-3.56828E1
3.25741E-3	-3.57788E1
3.25936E-3	-3.5814E1
3.26132E-3	-3.57466E1
3.26327E-3	-3.58569E1
3.26522E-3	-3.58585E1
3.26718E-3	-3.59084E1
3.26913E-3	-3.58765E1
3.27108E-3	-3.60351E1
3.27303E-3	-3.62265E1
3.27499E-3	-3.62349E1
3.27694E-3	-3.63578E1
3.27889E-3	-3.62912E1
3.28085E-3	-3.61937E1
3.2828E-3	-3.60096E1
3.28475E-3	-3.60244E1
3.28671E-3	-3.59496E1
3.28866E-3	-3.60723E1
3.29061E-3	-3.61539E1
3.29257E-3	-3.613E1
3.29452E-3	-3.62108E1
3.29647E-3	-3.6034E1
3.29843E-3	-3.57937E1
3.30038E-3	-3.5858E1
3.30233E-3	-3.58568E1
3.30428E-3	-3.58888E1
3.30624E-3	-3.5904E1
3.30819E-3	-3.59252E1
3.31014E-3	-3.59491E1
3.3121E-3	-3.59618E1
3.31405E-3	-3.59963E1
3.316E-3	-3.59881E1
3.31796E-3	-3.59578E1
3.31991E-3	-3.60584E1
3.32186E-3	-3.60666E1
3.32382E-3	-3.60905E1
3.32577E-3	-3.61155E1
3.32772E-3	-3.60907E1
3.32968E-3	-3.58013E1
3.33163E-3	-3.57841E1
3.33358E-3	-3.57744E1
3.33553E-3	-3.54835E1
3.33749E-3	-3.55341E1
3.33944E-3	-3.53206E1
3.34139E-3	-3.51603E1
3.34335E-3	-3.50643E1
3.3453E-3	-3.46899E1
3.34725E-3	-3.44661E1
3.34921E-3	-3.42188E1
3.35116E-3	-3.38617E1
3.35311E-3	-3.37108E1
3.35507E-3	-3.31831E1
3.35702E-3	-3.28755E1
3.35897E-3	-3.25099E1
3.36093E-3	-3.22136E1
3.36288E-3	-3.17934E1
3.36483E-3	-3.15003E1
3.36678E-3	-3.10923E1
3.36874E-3	-3.06127E1
3.37069E-3	-3.0438E1
3.37264E-3	-2.99842E1
3.3746E-3	-2.96627E1
3.37655E-3	-2.92352E1
3.3785E-3	-2.90649E1
3.38046E-3	-2.88569E1
3.38241E-3	-2.83837E1
3.38436E-3	-2.80235E1
3.38632E-3	-2.76649E1
3.38827E-3	-2.73326E1
3.39022E-3	-2.7015E1
3.39218E-3	-2.67902E1
3.39413E-3	-2.62818E1
3.39608E-3	-2.58691E1
3.39803E-3	-2.5619E1
3.39999E-3	-2.51948E1
3.40194E-3	-2.47457E1
3.40389E-3	-2.45277E1
3.40585E-3	-2.42941E1
3.4078E-3	-2.381E1
3.40975E-3	-2.35545E1
3.41171E-3	-2.32085E1
3.41366E-3	-2.27804E1
3.41561E-3	-2.25265E1
3.41757E-3	-2.21748E1
3.41952E-3	-2.18743E1
3.42147E-3	-2.16317E1
3.42343E-3	-2.13813E1
3.42538E-3	-2.10595E1
3.42733E-3	-2.07985E1
3.42928E-3	-2.03616E1
3.43124E-3	-2.00687E1
3.43319E-3	-1.97642E1
3.43514E-3	-1.97362E1
3.4371E-3	-1.92818E1
3.43905E-3	-1.89324E1
3.441E-3	-1.88196E1
3.44296E-3	-1.83342E1
3.44491E-3	-1.8298E1
3.44686E-3	-1.80435E1
3.44882E-3	-1.78836E1
3.45077E-3	-1.76685E1
3.45272E-3	-1.74443E1
3.45468E-3	-1.72634E1
3.45663E-3	-1.72579E1
3.45858E-3	-1.70924E1
3.46053E-3	-1.68961E1
3.46249E-3	-1.69848E1
3.46444E-3	-1.70202E1
3.46639E-3	-1.69113E1
3.46835E-3	-1.70105E1
3.4703E-3	-1.70711E1
3.47225E-3	-1.71672E1
3.47421E-3	-1.71498E1
3.47616E-3	-1.71583E1
3.47811E-3	-1.71303E1
3.48007E-3	-1.71325E1
3.48202E-3	-1.70891E1
3.48397E-3	-1.71895E1
3.48593E-3	-1.72247E1
3.48788E-3	-1.72348E1
3.48983E-3	-1.72502E1
3.49178E-3	-1.7328E1
3.49374E-3	-1.75108E1
3.49569E-3	-1.72917E1
3.49764E-3	-1.73611E1
3.4996E-3	-1.74715E1
3.50155E-3	-1.74182E1
3.5035E-3	-1.7358E1
3.50546E-3	-1.75368E1
3.50741E-3	-1.73068E1
3.50936E-3	-1.72323E1
3.51132E-3	-1.72963E1
3.51327E-3	-1.72531E1
3.51522E-3	-1.7107E1
3.51718E-3	-1.71208E1
3.51913E-3	-1.7116E1
3.52108E-3	-1.68018E1
3.52303E-3	-1.67817E1
3.52499E-3	-1.68337E1
3.52694E-3	-1.66111E1
3.52889E-3	-1.64464E1
3.53085E-3	-1.65144E1
3.5328E-3	-1.62044E1
3.53475E-3	-1.6182E1
3.53671E-3	-1.6263E1
3.53866E-3	-1.61928E1
3.54061E-3	-1.60429E1
3.54257E-3	-1.61272E1
3.54452E-3	-1.60977E1
3.54647E-3	-1.58803E1
3.54843E-3	-1.59181E1
3.55038E-3	-1.59385E1
3.55233E-3	-1.59354E1
3.55428E-3	-1.56154E1
3.55624E-3	-1.56084E1
3.55819E-3	-1.56223E1
3.56014E-3	-1.52749E1
3.5621E-3	-1.53271E1
3.56405E-3	-1.53995E1
3.566E-3	-1.54717E1
3.56796E-3	-1.51966E1
3.56991E-3	-1.50315E1
3.57186E-3	-1.51619E1
3.57382E-3	-1.49191E1
3.57577E-3	-1.49809E1
3.57772E-3	-1.50054E1
3.57968E-3	-1.49912E1
3.58163E-3	-1.47019E1
3.58358E-3	-1.45653E1
3.58553E-3	-1.47422E1
3.58749E-3	-1.43612E1
3.58944E-3	-1.4494E1
3.59139E-3	-1.41989E1
3.59335E-3	-1.40942E1
3.5953E-3	-1.39443E1
3.59725E-3	-1.38734E1
3.59921E-3	-1.37589E1
3.60116E-3	-1.3622E1
3.60311E-3	-1.34726E1
3.60507E-3	-1.32078E1
3.60702E-3	-1.31019E1
3.60897E-3	-1.3012E1
3.61093E-3	-1.27253E1
3.61288E-3	-1.27454E1
3.61483E-3	-1.23919E1
3.61678E-3	-1.25767E1
3.61874E-3	-1.23221E1
3.62069E-3	-1.23061E1
3.62264E-3	-1.23042E1
3.6246E-3	-1.20574E1
3.62655E-3	-1.20485E1
3.6285E-3	-1.21235E1
3.63046E-3	-1.20962E1
3.63241E-3	-1.18184E1
3.63436E-3	-1.18377E1
3.63632E-3	-1.18661E1
3.63827E-3	-1.18723E1
3.64022E-3	-1.19277E1
3.64218E-3	-1.18926E1
3.64413E-3	-1.20657E1
3.64608E-3	-1.22972E1
3.64803E-3	-1.22808E1
3.64999E-3	-1.24221E1
3.65194E-3	-1.23524E1
3.65389E-3	-1.24727E1
3.65585E-3	-1.25917E1
3.6578E-3	-1.26501E1
3.65975E-3	-1.27029E1
3.66171E-3	-1.27474E1
3.66366E-3	-1.30447E1
3.66561E-3	-1.30938E1
3.66757E-3	-1.3029E1
3.66952E-3	-1.31621E1
3.67147E-3	-1.3438E1
3.67343E-3	-1.34895E1
3.67538E-3	-1.34732E1
3.67733E-3	-1.36054E1
3.67928E-3	-1.39511E1
3.68124E-3	-1.39434E1
3.68319E-3	-1.40006E1
3.68514E-3	-1.39702E1
3.6871E-3	-1.42687E1
3.68905E-3	-1.4433E1
3.691E-3	-1.43804E1
3.69296E-3	-1.46145E1
3.69491E-3	-1.48289E1
3.69686E-3	-1.47549E1
3.69882E-3	-1.47829E1
3.70077E-3	-1.51059E1
3.70272E-3	-1.51771E1
3.70468E-3	-1.55339E1
3.70663E-3	-1.55073E1
3.70858E-3	-1.54117E1
3.71053E-3	-1.55841E1
3.71249E-3	-1.58966E1
3.71444E-3	-1.5927E1
3.71639E-3	-1.59307E1
3.71835E-3	-1.62759E1
3.7203E-3	-1.63948E1
3.72225E-3	-1.6307E1
3.72421E-3	-1.64884E1
3.72616E-3	-1.67688E1
3.72811E-3	-1.68202E1
3.73007E-3	-1.69032E1
3.73202E-3	-1.69049E1
3.73397E-3	-1.70319E1
3.73593E-3	-1.69334E1
3.73788E-3	-1.71265E1
3.73983E-3	-1.72461E1
3.74178E-3	-1.7225E1
3.74374E-3	-1.73027E1
3.74569E-3	-1.74548E1
3.74764E-3	-1.75109E1
3.7496E-3	-1.75003E1
3.75155E-3	-1.76047E1
3.7535E-3	-1.76061E1
3.75546E-3	-1.75778E1
3.75741E-3	-1.76238E1
3.75936E-3	-1.7634E1
3.76132E-3	-1.76671E1
3.76327E-3	-1.76853E1
3.76522E-3	-1.77117E1
3.76718E-3	-1.77345E1
3.76913E-3	-1.75195E1
3.77108E-3	-1.765E1
3.77303E-3	-1.74825E1
3.77499E-3	-1.74776E1
3.77694E-3	-1.75118E1
3.7789E-3	-1.73259E1
3.78085E-3	-1.73305E1
3.7828E-3	-1.7493E1
3.78475E-3	-1.72216E1
3.78671E-3	-1.71176E1
3.78866E-3	-1.72185E1
3.79061E-3	-1.68673E1
3.79257E-3	-1.68704E1
3.79452E-3	-1.69126E1
3.79647E-3	-1.66179E1
3.79843E-3	-1.65381E1
3.80038E-3	-1.65747E1
3.80233E-3	-1.62201E1
3.80428E-3	-1.62951E1
3.80624E-3	-1.63063E1
3.80819E-3	-1.61882E1
3.81014E-3	-1.6199E1
3.8121E-3	-1.60026E1
3.81405E-3	-1.59551E1
3.816E-3	-1.5958E1
3.81796E-3	-1.58457E1
3.81991E-3	-1.55426E1
3.82186E-3	-1.57073E1
3.82382E-3	-1.56154E1
3.82577E-3	-1.52645E1
3.82772E-3	-1.53261E1
3.82968E-3	-1.54305E1
3.83163E-3	-1.539E1
3.83358E-3	-1.50379E1
3.83554E-3	-1.51936E1
3.83749E-3	-1.51986E1
3.83944E-3	-1.51019E1
3.84139E-3	-1.49529E1
3.84335E-3	-1.50061E1
3.8453E-3	-1.50892E1
3.84725E-3	-1.48704E1
3.84921E-3	-1.4764E1
3.85116E-3	-1.48986E1
3.85311E-3	-1.46868E1
3.85507E-3	-1.44128E1
3.85702E-3	-1.46156E1
3.85897E-3	-1.44752E1
3.86093E-3	-1.41356E1
3.86288E-3	-1.38994E1
3.86483E-3	-1.38487E1
3.86678E-3	-1.37036E1
3.86874E-3	-1.35207E1
3.87069E-3	-1.33315E1
3.87264E-3	-1.3409E1
3.8746E-3	-1.31549E1
3.87655E-3	-1.28975E1
3.8785E-3	-1.28201E1
3.88046E-3	-1.2563E1
3.88241E-3	-1.24301E1
3.88436E-3	-1.22407E1
3.88632E-3	-1.20322E1
3.88827E-3	-1.18195E1
3.89022E-3	-1.17307E1
3.89218E-3	-1.15581E1
3.89413E-3	-1.13249E1
3.89608E-3	-1.11426E1
3.89803E-3	-1.10306E1
3.89999E-3	-1.07222E1
3.90194E-3	-1.06661E1
3.90389E-3	-1.05381E1
3.90585E-3	-1.03051E1
3.9078E-3	-1.01104E1
3.90975E-3	-9.9443E0
3.91171E-3	-9.48836E0
3.91366E-3	-9.45018E0
3.91561E-3	-9.18015E0
3.91757E-3	-8.95411E0
3.91952E-3	-8.7153E0
3.92147E-3	-8.37517E0
3.92343E-3	-8.13405E0
3.92538E-3	-7.9613E0
3.92733E-3	-7.75773E0
3.92928E-3	-7.27255E0
3.93124E-3	-7.09867E0
3.93319E-3	-6.88778E0
3.93514E-3	-6.68714E0
3.9371E-3	-6.48938E0
3.93905E-3	-6.22247E0
3.941E-3	-6.04708E0
3.94296E-3	-5.71954E0
3.94491E-3	-5.5983E0
3.94686E-3	-5.45423E0
3.94882E-3	-4.96269E0
3.95077E-3	-4.81102E0
3.95272E-3	-4.60283E0
3.95468E-3	-4.47437E0
3.95663E-3	-4.28097E0
3.95858E-3	-4.01072E0
3.96053E-3	-3.83601E0
3.96249E-3	-3.72895E0
3.96444E-3	-3.51921E0
3.96639E-3	-3.33576E0
3.96835E-3	-3.2427E0
3.9703E-3	-2.94623E0
3.97225E-3	-2.81216E0
3.97421E-3	-2.74618E0
3.97616E-3	-2.50755E0
3.97811E-3	-2.32837E0
3.98007E-3	-2.02435E0
3.98202E-3	-2.20257E0
3.98397E-3	-1.94015E0
3.98593E-3	-1.8054E0
3.98788E-3	-1.86206E0
3.98983E-3	-1.64149E0
3.99178E-3	-1.72567E0
3.99374E-3	-1.52848E0
3.99569E-3	-1.39613E0
3.99764E-3	-1.52402E0
3.9996E-3	-1.49495E0
4.00155E-3	-1.19714E0
4.0035E-3	-1.1742E0
4.00546E-3	-1.22975E0
4.00741E-3	-1.21857E0
4.00936E-3	-1.30324E0
4.01132E-3	-1.04859E0
4.01327E-3	-9.04547E-1
4.01522E-3	-9.43515E-1
4.01718E-3	-1.07627E0
4.01913E-3	-1.07492E0
4.02108E-3	-8.04191E-1
4.02303E-3	-8.49785E-1
4.02499E-3	-8.08721E-1
4.02694E-3	-6.83041E-1
4.02889E-3	-9.53822E-1
4.03085E-3	-7.95551E-1
4.0328E-3	-5.76737E-1
4.03475E-3	-7.62946E-1
4.03671E-3	-7.37201E-1
4.03866E-3	-8.0981E-1
4.04061E-3	-7.6766E-1
4.04257E-3	-9.09363E-1
4.04452E-3	-9.41925E-1
4.04647E-3	-9.72824E-1
4.04843E-3	-9.47903E-1
4.05038E-3	-9.52532E-1
4.05233E-3	-9.98471E-1
4.05428E-3	-1.02122E0
4.05624E-3	-9.89177E-1
4.05819E-3	-8.22411E-1
4.06014E-3	-6.96333E-1
4.0621E-3	-7.30285E-1
4.06405E-3	-8.21067E-1
4.066E-3	-8.1858E-1
4.06796E-3	-8.77726E-1
4.06991E-3	-8.20516E-1
4.07186E-3	-8.75414E-1
4.07382E-3	-9.2551E-1
4.07577E-3	-5.81437E-1
4.07772E-3	-6.05703E-1
4.07968E-3	-5.99459E-1
4.08163E-3	-6.89994E-1
4.08358E-3	-4.14789E-1
4.08553E-3	-3.63603E-1
4.08749E-3	-4.60964E-1
4.08944E-3	-2.93185E-1
4.09139E-3	-2.57257E-1
4.09335E-3	-1.03998E-1
4.0953E-3	-2.22476E-1
4.09725E-3	-1.31619E-1
4.09921E-3	-1.8878E-2
4.10116E-3	-5.2821E-2
4.10311E-3	1.07869E-1
4.10507E-3	2.4702E-1
4.10702E-3	2.53724E-1
4.10897E-3	1.16881E-1
4.11093E-3	2.98996E-1
4.11288E-3	5.42809E-1
4.11483E-3	4.41794E-1
4.11678E-3	5.32685E-1
4.11874E-3	4.31063E-1
4.12069E-3	5.41778E-1
4.12264E-3	8.10431E-1
4.1246E-3	7.08591E-1
4.12655E-3	7.4527E-1
4.1285E-3	6.31408E-1
4.13046E-3	6.24098E-1
4.13241E-3	6.18523E-1
4.13436E-3	7.04152E-1
4.13632E-3	9.32962E-1
4.13827E-3	8.21763E-1
4.14022E-3	8.64228E-1
4.14218E-3	8.88293E-1
4.14413E-3	8.20716E-1
4.14608E-3	7.1416E-1
4.14803E-3	9.53899E-1
4.14999E-3	1.05233E0
4.15194E-3	8.93448E-1
4.1539E-3	9.4388E-1
4.15585E-3	1.02345E0
4.1578E-3	1.09819E0
4.15975E-3	1.04006E0
4.16171E-3	1.04346E0
4.16366E-3	9.76925E-1
4.16561E-3	1.33094E0
4.16757E-3	1.41949E0
4.16952E-3	1.2538E0
4.17147E-3	1.41356E0
4.17343E-3	1.57891E0
4.17538E-3	1.6108E0
4.17733E-3	9.9124E-1
4.17929E-3	1.66567E0
4.18124E-3	1.88558E0
4.18319E-3	1.85107E0
4.18515E-3	2.29416E0
4.1871E-3	2.23583E0
4.18905E-3	2.22444E0
4.191E-3	2.3774E0
4.19296E-3	2.34154E0
4.19491E-3	2.4938E0
4.19686E-3	2.5428E0
4.19882E-3	2.44123E0
4.20077E-3	2.62602E0
4.20272E-3	2.8441E0
4.20468E-3	2.7968E0
4.20663E-3	2.75451E0
4.20858E-3	2.82818E0
4.21054E-3	3.12028E0
4.21249E-3	3.08188E0
4.21444E-3	3.04979E0
4.21639E-3	3.04735E0
4.21835E-3	2.97134E0
4.2203E-3	3.08312E0
4.22225E-3	3.3061E0
4.22421E-3	3.26811E0
4.22616E-3	3.26554E0
4.22811E-3	3.20136E0
4.23007E-3	3.25037E0
4.23202E-3	3.2154E0
4.23397E-3	3.32134E0
4.23593E-3	3.30979E0
4.23788E-3	3.67076E0
4.23983E-3	3.57934E0
4.24178E-3	3.69362E0
4.24374E-3	3.95098E0
4.24569E-3	3.78875E0
4.24765E-3	4.10497E0
4.2496E-3	4.13778E0
4.25155E-3	4.28475E0
4.2535E-3	4.48045E0
4.25546E-3	4.5053E0
4.25741E-3	4.6988E0
4.25936E-3	4.7092E0
4.26132E-3	4.83166E0
4.26327E-3	4.99037E0
4.26522E-3	5.12308E0
4.26718E-3	5.13915E0
4.26913E-3	5.48608E0
4.27108E-3	5.36762E0
4.27304E-3	5.56686E0
4.27499E-3	5.76034E0
4.27694E-3	5.92472E0
4.27889E-3	5.91575E0
4.28085E-3	5.95529E0
4.2828E-3	6.20107E0
4.28475E-3	6.05171E0
4.28671E-3	6.26994E0
4.28866E-3	6.37904E0
4.29061E-3	6.30566E0
4.29257E-3	6.33634E0
4.29452E-3	6.62728E0
4.29647E-3	6.6558E0
4.29843E-3	6.58997E0
4.30038E-3	6.89621E0
4.30233E-3	6.96456E0
4.30428E-3	6.83853E0
4.30624E-3	6.89371E0
4.30819E-3	6.87987E0
4.31015E-3	6.95252E0
4.3121E-3	7.02878E0
4.31405E-3	7.0528E0
4.316E-3	6.8961E0
4.31796E-3	6.83899E0
4.31991E-3	6.9514E0
4.32186E-3	7.16354E0
4.32382E-3	7.04907E0
4.32577E-3	7.08592E0
4.32772E-3	7.09685E0
4.32968E-3	6.95014E0
4.33163E-3	6.95923E0
4.33358E-3	6.88176E0
4.33554E-3	7.1178E0
4.33749E-3	7.29141E0
4.33944E-3	7.19346E0
4.3414E-3	7.24873E0
4.34335E-3	7.22015E0
4.3453E-3	7.1394E0
4.34725E-3	7.11146E0
4.34921E-3	7.39247E0
4.35116E-3	7.48159E0
4.35311E-3	7.41227E0
